12,4096,12,2,2.2442
12,4096,12,4,1.9447
12,4096,12,6,1.8993
12,4096,12,8,1.9993
12,4096,12,10,1.7484
12,4096,14,2,2.8497
12,4096,14,4,3.1945
12,4096,14,6,3.2798
12,4096,14,8,2.6292
12,4096,14,10,2.8098
12,4096,14,12,2.6261
12,4096,16,2,4.2806
12,4096,16,4,5.2523
12,4096,16,6,4.0082
12,4096,16,8,3.4867
12,4096,16,10,3.7408
12,4096,16,12,3.6705
12,4096,16,14,3.683
12,4096,18,2,5.3624
12,4096,18,4,7.4039
12,4096,18,6,5.9321
12,4096,18,8,5.8587
12,4096,18,10,4.4255
12,4096,18,12,4.9516
12,4096,18,14,5.4753
12,4096,18,16,5.85
12,4096,20,2,6.5308
12,4096,20,4,9.401
12,4096,20,6,9.9812
12,4096,20,8,9.5929
12,4096,20,10,6.3344
12,4096,20,12,8.1956
12,4096,20,14,9.1667
12,4096,20,16,7.042
12,4096,20,18,8.8204
12,4096,22,2,7.9345
12,4096,22,4,9.1472
12,4096,22,6,11.2833
12,4096,22,8,15.4546
12,4096,22,10,13.8078
12,4096,22,12,14.7612
12,4096,22,14,11.6669
12,4096,22,16,14.3831
12,4096,22,18,13.3105
12,4096,22,20,11.8506
12,4096,24,2,9.386
12,4096,24,4,12.4634
12,4096,24,6,12.3684
12,4096,24,8,15.2485
12,4096,24,10,14.4404
12,4096,24,12,13.5734
12,4096,24,14,14.5647
12,4096,24,16,14.3956
12,4096,24,18,15.4158
12,4096,24,20,15.3623
12,4096,24,22,15.0732
12,4096,26,2,10.7969
12,4096,26,4,12.7568
12,4096,26,6,13.8091
12,4096,26,8,14.659
12,4096,26,10,17.6704
12,4096,26,12,18.3003
12,4096,26,14,18.2264
12,4096,26,16,20.0553
12,4096,26,18,17.3917
12,4096,26,20,16.2552
12,4096,26,22,22.6715
12,4096,26,24,16.3013
12,4096,28,2,12.8757
12,4096,28,4,15.4181
12,4096,28,6,15.1263
12,4096,28,8,16.3561
12,4096,28,10,19.7439
12,4096,28,12,22.555
12,4096,28,14,16.2501
12,4096,28,16,22.9077
12,4096,28,18,15.8239
12,4096,28,20,20.9811
12,4096,28,22,18.9697
12,4096,28,24,20.8408
12,4096,28,26,17.9372
12,4096,30,2,14.4648
12,4096,30,4,26.1978
12,4096,30,6,20.0008
12,4096,30,8,22.5051
12,4096,30,10,21.35
12,4096,30,12,19.3686
12,4096,30,14,20.4017
12,4096,30,16,21.9468
12,4096,30,18,17.7037
12,4096,30,20,20.047
12,4096,30,22,18.7222
12,4096,30,24,23.6099
12,4096,30,26,21.7178
12,4096,30,28,21.0594
12,4096,32,2,16.4591
12,4096,32,4,21.2655
12,4096,32,6,29.0679
12,4096,32,8,24.9253
12,4096,32,10,26.922
12,4096,32,12,26.9582
12,4096,32,14,28.2707
12,4096,32,16,24.95
12,4096,32,18,24.0365
12,4096,32,20,22.9335
12,4096,32,22,21.1857
12,4096,32,24,23.0161
12,4096,32,26,31.2046
12,4096,32,28,26.2532
12,4096,32,30,25.3047
12,4096,34,2,16.3637
12,4096,34,4,26.3665
12,4096,34,6,27.3158
12,4096,34,8,30.1289
12,4096,34,10,31.6993
12,4096,34,12,26.2345
12,4096,34,14,26.6823
12,4096,34,16,24.9633
12,4096,34,18,29.7108
12,4096,34,20,27.2803
12,4096,34,22,24.7067
12,4096,34,24,41.477
12,4096,34,26,26.5603
12,4096,34,28,24.0914
12,4096,34,30,28.7909
12,4096,34,32,28.2946
12,4096,36,2,17.4341
12,4096,36,4,27.096
12,4096,36,6,31.5989
12,4096,36,8,31.6827
12,4096,36,10,27.3951
12,4096,36,12,28.4034
12,4096,36,14,32.1421
12,4096,36,16,33.5375
12,4096,36,18,27.7348
12,4096,36,20,31.483
12,4096,36,22,34.423
12,4096,36,24,38.2663
12,4096,36,26,33.5813
12,4096,36,28,28.0789
12,4096,36,30,46.0017
12,4096,36,32,31.8668
12,4096,36,34,37.8864
12,4096,38,2,19.8516
12,4096,38,4,31.2725
12,4096,38,6,33.442
12,4096,38,8,35.5462
12,4096,38,10,36.6783
12,4096,38,12,33.613
12,4096,38,14,42.6469
12,4096,38,16,29.9135
12,4096,38,18,36.1949
12,4096,38,20,41.9476
12,4096,38,22,43.4909
12,4096,38,24,38.0225
12,4096,38,26,37.937
12,4096,38,28,36.1093
12,4096,38,30,36.3195
12,4096,38,32,30.9348
12,4096,38,34,34.2594
12,4096,38,36,30.6495
12,4096,40,2,20.1923
12,4096,40,4,34.0456
12,4096,40,6,41.2196
12,4096,40,8,40.9619
12,4096,40,10,37.2905
12,4096,40,12,37.9244
12,4096,40,14,43.3131
12,4096,40,16,40.6162
12,4096,40,18,59.778
12,4096,40,20,38.7595
12,4096,40,22,38.2045
12,4096,40,24,33.5057
12,4096,40,26,34.237
12,4096,40,28,41.1114
12,4096,40,30,40.1864
12,4096,40,32,39.2664
12,4096,40,34,34.9001
12,4096,40,36,34.4009
12,4096,40,38,40.6226
12,4096,42,2,22.138
12,4096,42,4,31.834
12,4096,42,6,31.018
12,4096,42,8,35.154
12,4096,42,10,38.5576
12,4096,42,12,35.8733
12,4096,42,14,46.8857
12,4096,42,16,44.6734
12,4096,42,18,39.7795
12,4096,42,20,37.7389
12,4096,42,22,40.4319
12,4096,42,24,42.7117
12,4096,42,26,38.6093
12,4096,42,28,55.5592
12,4096,42,30,42.2576
12,4096,42,32,44.3858
12,4096,42,34,50.7115
12,4096,42,36,43.4173
12,4096,42,38,43.5834
12,4096,42,40,45.5795
12,4096,44,2,23.7586
12,4096,44,4,35.631
12,4096,44,6,37.1107
12,4096,44,8,43.2564
12,4096,44,10,40.8852
12,4096,44,12,40.9195
12,4096,44,14,45.2628
12,4096,44,16,45.8088
12,4096,44,18,84.2074
12,4096,44,20,43.8036
12,4096,44,22,52.229
12,4096,44,24,47.6032
12,4096,44,26,47.533
12,4096,44,28,50.7732
12,4096,44,30,48.4441
12,4096,44,32,44.5348
12,4096,44,34,50.43
12,4096,44,36,51.7799
12,4096,44,38,47.7479
12,4096,44,40,43.0022
12,4096,44,42,47.4633
12,4096,46,2,22.6559
12,4096,46,4,34.2009
12,4096,46,6,41.2399
12,4096,46,8,51.5766
12,4096,46,10,46.9182
12,4096,46,12,45.3586
12,4096,46,14,43.606
12,4096,46,16,71.7426
12,4096,46,18,42.0514
12,4096,46,20,48.5173
12,4096,46,22,49.8243
12,4096,46,24,57.6654
12,4096,46,26,51.8854
12,4096,46,28,55.8088
12,4096,46,30,55.9964
12,4096,46,32,54.0277
12,4096,46,34,48.5843
12,4096,46,36,121.6457
12,4096,46,38,48.3252
12,4096,46,40,49.8583
12,4096,46,42,55.2925
12,4096,46,44,49.8277
12,4096,48,2,27.3651
12,4096,48,4,43.4874
12,4096,48,6,40.9359
12,4096,48,8,53.9563
12,4096,48,10,55.4184
12,4096,48,12,49.7291
12,4096,48,14,51.8246
12,4096,48,16,53.4748
12,4096,48,18,56.953
12,4096,48,20,51.1057
12,4096,48,22,53.2777
12,4096,48,24,61.3839
12,4096,48,26,61.0959
12,4096,48,28,62.1358
12,4096,48,30,59.1289
12,4096,48,32,61.6718
12,4096,48,34,59.1762
12,4096,48,36,60.7057
12,4096,48,38,63.2189
12,4096,48,40,50.9589
12,4096,48,42,46.6323
12,4096,48,44,57.5027
12,4096,48,46,68.1938
12,4096,50,2,25.5202
12,4096,50,4,39.9321
12,4096,50,6,43.3984
12,4096,50,8,55.4223
12,4096,50,10,44.7325
12,4096,50,12,52.6279
12,4096,50,14,49.0271
12,4096,50,16,47.649
12,4096,50,18,51.8794
12,4096,50,20,51.7632
12,4096,50,22,46.024
12,4096,50,24,59.8838
12,4096,50,26,54.3072
12,4096,50,28,63.619
12,4096,50,30,53.3916
12,4096,50,32,55.6396
12,4096,50,34,56.7475
12,4096,50,36,61.715
12,4096,50,38,69.3214
12,4096,50,40,59.1204
12,4096,50,42,52.4845
12,4096,50,44,59.3969
12,4096,50,46,71.9925
12,4096,50,48,51.6984
12,4096,4,2,0.0824
12,4096,6,2,0.2815
12,4096,6,4,0.2756
12,4096,8,2,0.6433
12,4096,8,4,0.645
12,4096,8,6,0.6218
12,4096,10,2,1.429
12,4096,10,4,1.1934
12,4096,10,6,1.2422
12,4096,10,8,1.1837
12,4096,52,2,29.0924
12,4096,52,4,41.0299
12,4096,52,6,55.042
12,4096,52,8,57.0897
12,4096,52,10,61.4016
12,4096,52,12,65.8304
12,4096,52,14,63.9298
12,4096,52,16,62.6167
12,4096,52,18,66.1206
12,4096,52,20,66.4713
12,4096,52,22,63.1175
12,4096,52,24,65.7359
12,4096,52,26,69.9933
12,4096,52,28,64.1132
12,4096,52,30,53.2576
12,4096,52,32,56.1362
12,4096,52,34,68.9441
12,4096,52,36,60.294
12,4096,52,38,61.9409
12,4096,52,40,68.9421
12,4096,52,42,69.0472
12,4096,52,44,67.4658
12,4096,52,46,69.3512
12,4096,52,48,69.9085
12,4096,52,50,58.5506
12,4096,54,2,29.905
12,4096,54,4,48.7329
12,4096,54,6,51.0672
12,4096,54,8,58.6983
12,4096,54,10,58.5121
12,4096,54,12,63.7718
12,4096,54,14,67.9241
12,4096,54,16,60.8956
12,4096,54,18,71.063
12,4096,54,20,63.5383
12,4096,54,22,57.7975
12,4096,54,24,58.6222
12,4096,54,26,56.0916
12,4096,54,28,68.9886
12,4096,54,30,69.2527
12,4096,54,32,63.8817
12,4096,54,34,65.656
12,4096,54,36,61.9228
12,4096,54,38,114.8913
12,4096,54,40,65.5705
12,4096,54,42,62.1929
12,4096,54,44,66.5433
12,4096,54,46,65.9615
12,4096,54,48,66.3701
12,4096,54,50,58.9059
12,4096,54,52,64.2571
12,4096,56,2,32.4154
12,4096,56,4,49.0849
12,4096,56,6,51.6779
12,4096,56,8,57.3549
12,4096,56,10,68.6783
12,4096,56,12,72.7854
12,4096,56,14,62.3286
12,4096,56,16,65.4791
12,4096,56,18,62.2419
12,4096,56,20,70.5282
12,4096,56,22,72.0683
12,4096,56,24,144.2574
12,4096,56,26,64.3804
12,4096,56,28,59.5004
12,4096,56,30,61.2401
12,4096,56,32,74.8963
12,4096,56,34,66.6994
12,4096,56,36,64.2065
12,4096,56,38,68.1855
12,4096,56,40,68.4731
12,4096,56,42,73.3718
12,4096,56,44,67.571
12,4096,56,46,67.2275
12,4096,56,48,65.5928
12,4096,56,50,67.3926
12,4096,56,52,74.2964
12,4096,56,54,68.209
12,4096,58,2,35.463
12,4096,58,4,46.6869
12,4096,58,6,55.431
12,4096,58,8,63.3928
12,4096,58,10,62.498
12,4096,58,12,75.1703
12,4096,58,14,63.0527
12,4096,58,16,92.9257
12,4096,58,18,57.6269
12,4096,58,20,65.8737
12,4096,58,22,64.7079
12,4096,58,24,58.2462
12,4096,58,26,71.3158
12,4096,58,28,63.7114
12,4096,58,30,66.4563
12,4096,58,32,80.4493
12,4096,58,34,62.9819
12,4096,58,36,71.8603
12,4096,58,38,75.9657
12,4096,58,40,72.9583
12,4096,58,42,78.5095
12,4096,58,44,63.4934
12,4096,58,46,72.4524
12,4096,58,48,78.3121
12,4096,58,50,73.8347
12,4096,58,52,69.4653
12,4096,58,54,65.3487
12,4096,58,56,77.4789
12,4096,60,2,33.2076
12,4096,60,4,53.0089
12,4096,60,6,60.8064
12,4096,60,8,64.3682
12,4096,60,10,65.9399
12,4096,60,12,64.5698
12,4096,60,14,60.6008
12,4096,60,16,72.3655
12,4096,60,18,71.6154
12,4096,60,20,69.6054
12,4096,60,22,79.7628
12,4096,60,24,75.186
12,4096,60,26,73.9852
12,4096,60,28,66.8631
12,4096,60,30,85.2035
12,4096,60,32,74.429
12,4096,60,34,77.4399
12,4096,60,36,80.9388
12,4096,60,38,83.3523
12,4096,60,40,77.8352
12,4096,60,42,83.4577
12,4096,60,44,73.9116
12,4096,60,46,70.124
12,4096,60,48,84.5209
12,4096,60,50,76.9823
12,4096,60,52,73.7673
12,4096,60,54,73.5401
12,4096,60,56,74.2487
12,4096,60,58,66.5104