threads,size,nb,ib,GFlops
16,2048,4,2,0.0915
16,2048,6,2,0.3124
16,2048,6,4,0.3011
16,2048,8,2,0.8715
16,2048,8,4,0.7888
16,2048,8,6,0.7684
16,2048,10,2,2.1885
16,2048,10,4,1.7156
16,2048,10,6,1.5354
16,2048,10,8,1.5023
16,2048,12,2,6.0636
16,2048,12,4,3.0144
16,2048,12,6,2.9245
16,2048,12,8,2.9277
16,2048,12,10,2.9151
16,2048,14,2,7.6578
16,2048,14,4,10.3541
16,2048,14,6,6.6164
16,2048,14,8,4.824
16,2048,14,10,5.1593
16,2048,14,12,4.9394
16,2048,16,2,10.3215
16,2048,16,4,14.4761
16,2048,16,6,15.5566
16,2048,16,8,8.776
16,2048,16,10,9.2669
16,2048,16,12,8.5558
16,2048,16,14,9.3899
16,2048,18,2,12.0732
16,2048,18,4,17.5887
16,2048,18,6,20.1484
16,2048,18,8,20.0387
16,2048,18,10,19.0238
16,2048,18,12,17.2984
16,2048,18,14,21.5053
16,2048,18,16,17.551
16,2048,20,2,14.4572
16,2048,20,4,22.5529
16,2048,20,6,23.838
16,2048,20,8,26.8591
16,2048,20,10,27.5185
16,2048,20,12,27.7643
16,2048,20,14,27.7558
16,2048,20,16,27.85
16,2048,20,18,27.1158
16,2048,22,2,15.7657
16,2048,22,4,23.9241
16,2048,22,6,28.1322
16,2048,22,8,32.8167
16,2048,22,10,31.8663
16,2048,22,12,36.9864
16,2048,22,14,35.3321
16,2048,22,16,35.6955
16,2048,22,18,36.4455
16,2048,22,20,35.9423
16,2048,24,2,20.2647
16,2048,24,4,32.5646
16,2048,24,6,37.2893
16,2048,24,8,43.6007
16,2048,24,10,42.6754
16,2048,24,12,45.7945
16,2048,24,14,47.7606
16,2048,24,16,46.9619
16,2048,24,18,46.5594
16,2048,24,20,46.6404
16,2048,24,22,46.1591
16,2048,26,2,20.8532
16,2048,26,4,31.6206
16,2048,26,6,35.9683
16,2048,26,8,41.9552
16,2048,26,10,45.3691
16,2048,26,12,50.6359
16,2048,26,14,57.125
16,2048,26,16,52.5297
16,2048,26,18,53.5024
16,2048,26,20,51.4051
16,2048,26,22,51.0507
16,2048,26,24,55.6198
16,2048,28,2,22.6473
16,2048,28,4,36.6084
16,2048,28,6,40.7916
16,2048,28,8,48.9951
16,2048,28,10,52.3679
16,2048,28,12,57.2972
16,2048,28,14,61.6319
16,2048,28,16,63.6037
16,2048,28,18,58.793
16,2048,28,20,60.6851
16,2048,28,22,57.6295
16,2048,28,24,66.2995
16,2048,28,26,60.8588
16,2048,30,2,23.6163
16,2048,30,4,37.4348
16,2048,30,6,43.6102
16,2048,30,8,52.6281
16,2048,30,10,54.9891
16,2048,30,12,60.6371
16,2048,30,14,58.329
16,2048,30,16,66.714
16,2048,30,18,66.0348
16,2048,30,20,63.3119
16,2048,30,22,63.2128
16,2048,30,24,69.3135
16,2048,30,26,65.0739
16,2048,30,28,65.7509
16,2048,32,2,27.5848
16,2048,32,4,43.3186
16,2048,32,6,47.2082
16,2048,32,8,59.6984
16,2048,32,10,56.7463
16,2048,32,12,71.0334
16,2048,32,14,68.5589
16,2048,32,16,76.6277
16,2048,32,18,75.5163
16,2048,32,20,77.8131
16,2048,32,22,69.3176
16,2048,32,24,76.6575
16,2048,32,26,75.7524
16,2048,32,28,75.8419
16,2048,32,30,75.4076
16,2048,34,2,28.0593
16,2048,34,4,42.9572
16,2048,34,6,50.287
16,2048,34,8,57.7675
16,2048,34,10,58.4317
16,2048,34,12,70.0289
16,2048,34,14,69.0906
16,2048,34,16,70.8628
16,2048,34,18,80.4439
16,2048,34,20,78.9733
16,2048,34,22,71.6086
16,2048,34,24,81.4702
16,2048,34,26,77.0291
16,2048,34,28,76.441
16,2048,34,30,76.6997
16,2048,34,32,75.5453
16,2048,36,2,33.1185
16,2048,36,4,52.7217
16,2048,36,6,61.2556
16,2048,36,8,70.5156
16,2048,36,10,72.8992
16,2048,36,12,97.1464
16,2048,36,14,90.1515
16,2048,36,16,89.0523
16,2048,36,18,91.7316
16,2048,36,20,99.043
16,2048,36,22,93.0218
16,2048,36,24,107.9061
16,2048,36,26,94.0512
16,2048,36,28,99.091
16,2048,36,30,93.9386
16,2048,36,32,92.6908
16,2048,36,34,94.7875
16,2048,38,2,32.1658
16,2048,38,4,50.2266
16,2048,38,6,55.8761
16,2048,38,8,69.1636
16,2048,38,10,72.7613
16,2048,38,12,86.5657
16,2048,38,14,85.13
16,2048,38,16,86.242
16,2048,38,18,83.6099
16,2048,38,20,92.9686
16,2048,38,22,92.4346
16,2048,38,24,101.6498
16,2048,38,26,98.4806
16,2048,38,28,93.0905
16,2048,38,30,91.7309
16,2048,38,32,91.3605
16,2048,38,34,89.9147
16,2048,38,36,96.3197
16,2048,40,2,33.8712
16,2048,40,4,53.7289
16,2048,40,6,60.1365
16,2048,40,8,75.2094
16,2048,40,10,75.2572
16,2048,40,12,92.0796
16,2048,40,14,96.102
16,2048,40,16,88.6753
16,2048,40,18,89.5932
16,2048,40,20,97.506
16,2048,40,22,97.1644
16,2048,40,24,107.7227
16,2048,40,26,104.2662
16,2048,40,28,106.4974
16,2048,40,30,96.0065
16,2048,40,32,97.5066
16,2048,40,34,93.583
16,2048,40,36,102.8132
16,2048,40,38,95.9164
16,2048,42,2,34.9465
16,2048,42,4,55.2815
16,2048,42,6,62.8237
16,2048,42,8,71.9072
16,2048,42,10,73.0734
16,2048,42,12,93.1933
16,2048,42,14,97.4749
16,2048,42,16,93.9053
16,2048,42,18,88.7405
16,2048,42,20,91.4321
16,2048,42,22,98.6607
16,2048,42,24,110.6433
16,2048,42,26,105.8437
16,2048,42,28,104.492
16,2048,42,30,104.9018
16,2048,42,32,97.958
16,2048,42,34,96.7812
16,2048,42,36,102.0188
16,2048,42,38,101.7285
16,2048,42,40,100.6694
16,2048,44,2,37.3806
16,2048,44,4,57.4241
16,2048,44,6,62.4119
16,2048,44,8,76.9985
16,2048,44,10,79.1994
16,2048,44,12,103.1514
16,2048,44,14,95.7486
16,2048,44,16,105.4337
16,2048,44,18,95.9795
16,2048,44,20,98.6807
16,2048,44,22,102.0744
16,2048,44,24,113.6791
16,2048,44,26,110.6119
16,2048,44,28,113.5999
16,2048,44,30,107.8253
16,2048,44,32,109.6885
16,2048,44,34,100.1068
16,2048,44,36,110.3009
16,2048,44,38,106.4729
16,2048,44,40,108.9458
16,2048,44,42,103.286
16,2048,46,2,37.8887
16,2048,46,4,58.6345
16,2048,46,6,67.0968
16,2048,46,8,78.4822
16,2048,46,10,79.1511
16,2048,46,12,98.7974
16,2048,46,14,95.1193
16,2048,46,16,104.8122
16,2048,46,18,98.4986
16,2048,46,20,97.0924
16,2048,46,22,94.2701
16,2048,46,24,112.11
16,2048,46,26,109.0311
16,2048,46,28,108.3475
16,2048,46,30,106.669
16,2048,46,32,106.9407
16,2048,46,34,102.3272
16,2048,46,36,108.4655
16,2048,46,38,109.0294
16,2048,46,40,105.4651
16,2048,46,42,104.227
16,2048,46,44,107.7913
16,2048,48,2,43.729
16,2048,48,4,67.9945
16,2048,48,6,78.0053
16,2048,48,8,90.6012
16,2048,48,10,92.6623
16,2048,48,12,126.7743
16,2048,48,14,111.2544
16,2048,48,16,123.4283
16,2048,48,18,119.6587
16,2048,48,20,113.8024
16,2048,48,22,103.4156
16,2048,48,24,141.5718
16,2048,48,26,124.8025
16,2048,48,28,121.2978
16,2048,48,30,124.7888
16,2048,48,32,125.7842
16,2048,48,34,126.1974
16,2048,48,36,138.6235
16,2048,48,38,124.5007
16,2048,48,40,125.524
16,2048,48,42,119.6717
16,2048,48,44,120.7728
16,2048,48,46,118.2488
16,2048,50,2,42.8818
16,2048,50,4,65.137
16,2048,50,6,72.5794
16,2048,50,8,86.1779
16,2048,50,10,89.085
16,2048,50,12,112.2188
16,2048,50,14,112.7523
16,2048,50,16,110.9366
16,2048,50,18,113.3217
16,2048,50,20,109.4136
16,2048,50,22,111.1569
16,2048,50,24,132.8364
16,2048,50,26,123.5174
16,2048,50,28,120.8848
16,2048,50,30,125.558
16,2048,50,32,120.533
16,2048,50,34,117.923
16,2048,50,36,127.6466
16,2048,50,38,125.3992
16,2048,50,40,122.6974
16,2048,50,42,117.3278
16,2048,50,44,114.4397
16,2048,50,46,113.6581
16,2048,50,48,121.0402
16,2048,52,2,42.4885
16,2048,52,4,66.9816
16,2048,52,6,73.9097
16,2048,52,8,86.4963
16,2048,52,10,87.2179
16,2048,52,12,120.2925
16,2048,52,14,110.6146
16,2048,52,16,114.3789
16,2048,52,18,116.9522
16,2048,52,20,119.3705
16,2048,52,22,111.8804
16,2048,52,24,133.8549
16,2048,52,26,133.91
16,2048,52,28,135.2041
16,2048,52,30,120.4797
16,2048,52,32,124.3947
16,2048,52,34,123.1101
16,2048,52,36,138.013
16,2048,52,38,125.5993
16,2048,52,40,135.0397
16,2048,52,42,118.172
16,2048,52,44,119.0318
16,2048,52,46,114.7795
16,2048,52,48,125.725
16,2048,52,50,116.1559
16,2048,54,2,43.8092
16,2048,54,4,66.9495
16,2048,54,6,75.0134
16,2048,54,8,89.8846
16,2048,54,10,88.7785
16,2048,54,12,121.14
16,2048,54,14,116.6821
16,2048,54,16,112.8979
16,2048,54,18,116.7995
16,2048,54,20,116.8459
16,2048,54,22,110.9753
16,2048,54,24,126.0068
16,2048,54,26,123.5999
16,2048,54,28,131.1865
16,2048,54,30,126.6898
16,2048,54,32,120.6348
16,2048,54,34,118.5697
16,2048,54,36,127.1726
16,2048,54,38,126.7724
16,2048,54,40,125.2443
16,2048,54,42,120.3552
16,2048,54,44,118.493
16,2048,54,46,114.3092
16,2048,54,48,124.5504
16,2048,54,50,122.2648
16,2048,54,52,121.7513
16,2048,56,2,46.3949
16,2048,56,4,71.3723
16,2048,56,6,79.2237
16,2048,56,8,91.9795
16,2048,56,10,92.8621
16,2048,56,12,120.7287
16,2048,56,14,121.3711
16,2048,56,16,118.7787
16,2048,56,18,112.3577
16,2048,56,20,127.4788
16,2048,56,22,124.7991
16,2048,56,24,133.1515
16,2048,56,26,127.4855
16,2048,56,28,136.9546
16,2048,56,30,133.1059
16,2048,56,32,134.3495
16,2048,56,34,126.9044
16,2048,56,36,139.5831
16,2048,56,38,135.3547
16,2048,56,40,133.2817
16,2048,56,42,122.2313
16,2048,56,44,131.4497
16,2048,56,46,118.4796
16,2048,56,48,127.8929
16,2048,56,50,124.6429
16,2048,56,52,117.7135
16,2048,56,54,116.4774
16,2048,58,2,46.3117
16,2048,58,4,69.7203
16,2048,58,6,77.2552
16,2048,58,8,87.5562
16,2048,58,10,92.9033
16,2048,58,12,121.659
16,2048,58,14,111.8313
16,2048,58,16,122.0577
16,2048,58,18,114.6906
16,2048,58,20,119.4051
16,2048,58,22,115.147
16,2048,58,24,127.6356
16,2048,58,26,124.9183
16,2048,58,28,125.8321
16,2048,58,30,129.9194
16,2048,58,32,129.4433
16,2048,58,34,131.6657
16,2048,58,36,128.514
16,2048,58,38,127.3032
16,2048,58,40,127.8904
16,2048,58,42,120.4297
16,2048,58,44,130.0475
16,2048,58,46,123.0924
16,2048,58,48,124.4159
16,2048,58,50,122.5054
16,2048,58,52,123.0118
16,2048,58,54,118.8623
16,2048,58,56,117.5446
16,2048,60,2,51.6718
16,2048,60,4,77.6987
16,2048,60,6,87.2741
16,2048,60,8,99.2125
16,2048,60,10,103.4714
16,2048,60,12,141.5318
16,2048,60,14,128.9621
16,2048,60,16,126.8899
16,2048,60,18,124.8568
16,2048,60,20,131.3626
16,2048,60,22,131.37
16,2048,60,24,163.3161
16,2048,60,26,141.1907
16,2048,60,28,141.6328
16,2048,60,30,148.1168
16,2048,60,32,146.6602
16,2048,60,34,143.1294
16,2048,60,36,161.2982
16,2048,60,38,139.9981
16,2048,60,40,142.6045
16,2048,60,42,139.1253
16,2048,60,44,138.1494
16,2048,60,46,134.9677
16,2048,60,48,147.9844
16,2048,60,50,135.9258
16,2048,60,52,137.151
16,2048,60,54,132.9536
16,2048,60,56,131.7657
16,2048,60,58,127.8252
16,2048,62,2,49.0206
16,2048,62,4,74.1177
16,2048,62,6,81.105
16,2048,62,8,96.4487
16,2048,62,10,95.1263
16,2048,62,12,120.2414
16,2048,62,14,117.706
16,2048,62,16,133.7949
16,2048,62,18,124.1507
16,2048,62,20,120.3543
16,2048,62,22,122.8807
16,2048,62,24,152.4716
16,2048,62,26,132.2062
16,2048,62,28,130.4663
16,2048,62,30,129.1221
16,2048,62,32,137.157
16,2048,62,34,134.451
16,2048,62,36,152.9007
16,2048,62,38,152.152
16,2048,62,40,138.9064
16,2048,62,42,131.4004
16,2048,62,44,133.0834
16,2048,62,46,130.2062
16,2048,62,48,140.0766
16,2048,62,50,142.0112
16,2048,62,52,127.4516
16,2048,62,54,124.9399
16,2048,62,56,126.2337
16,2048,62,58,122.9768
16,2048,62,60,129.3804
16,2048,64,2,51.4132
16,2048,64,4,78.3706
16,2048,64,6,86.0744
16,2048,64,8,104.6031
16,2048,64,10,102.3468
16,2048,64,12,134.0245
16,2048,64,14,132.7183
16,2048,64,16,137.7936
16,2048,64,18,129.2423
16,2048,64,20,134.0852
16,2048,64,22,128.6209
16,2048,64,24,161.6274
16,2048,64,26,146.9165
16,2048,64,28,147.2929
16,2048,64,30,137.5002
16,2048,64,32,152.9159
16,2048,64,34,140.1193
16,2048,64,36,151.2013
16,2048,64,38,147.3075
16,2048,64,40,160.5031
16,2048,64,42,138.1642
16,2048,64,44,138.7095
16,2048,64,46,138.3574
16,2048,64,48,149.107
16,2048,64,50,137.3853
16,2048,64,52,140.1036
16,2048,64,54,132.3334
16,2048,64,56,133.6045
16,2048,64,58,128.1625
16,2048,64,60,138.193
16,2048,64,62,132.266
16,2048,66,2,50.5046
16,2048,66,4,75.2893
16,2048,66,6,87.3456
16,2048,66,8,100.4707
16,2048,66,10,97.2657
16,2048,66,12,127.5938
16,2048,66,14,127.9385
16,2048,66,16,125.8977
16,2048,66,18,127.4298
16,2048,66,20,121.6313
16,2048,66,22,122.6928
16,2048,66,24,144.5474
16,2048,66,26,140.1585
16,2048,66,28,132.4062
16,2048,66,30,128.2912
16,2048,66,32,131.1686
16,2048,66,34,142.204
16,2048,66,36,144.2282
16,2048,66,38,143.1248
16,2048,66,40,142.9849
16,2048,66,42,144.3438
16,2048,66,44,131.9684
16,2048,66,46,130.0567
16,2048,66,48,138.6506
16,2048,66,50,133.5441
16,2048,66,52,136.1146
16,2048,66,54,136.5016
16,2048,66,56,126.9991
16,2048,66,58,125.1921
16,2048,66,60,128.8157
16,2048,66,62,128.7692
16,2048,66,64,133.33
16,2048,68,2,51.0828
16,2048,68,4,79.5084
16,2048,68,6,85.1098
16,2048,68,8,99.4783
16,2048,68,10,101.883
16,2048,68,12,135.5199
16,2048,68,14,132.6376
16,2048,68,16,133.178
16,2048,68,18,128.8907
16,2048,68,20,131.1004
16,2048,68,22,123.2373
16,2048,68,24,154.9713
16,2048,68,26,150.2795
16,2048,68,28,153.3831
16,2048,68,30,134.8384
16,2048,68,32,126.9239
16,2048,68,34,141.7724
16,2048,68,36,146.0771
16,2048,68,38,144.575
16,2048,68,40,147.4867
16,2048,68,42,137.7504
16,2048,68,44,150.9932
16,2048,68,46,133.0545
16,2048,68,48,142.2739
16,2048,68,50,144.3742
16,2048,68,52,137.8023
16,2048,68,54,141.8709
16,2048,68,56,136.9805
16,2048,68,58,127.8937
16,2048,68,60,142.8404
16,2048,68,62,134.0463
16,2048,68,64,131.6825
16,2048,68,66,127.2457
16,2048,70,2,52.3523
16,2048,70,4,79.0153
16,2048,70,6,88.128
16,2048,70,8,103.1759
16,2048,70,10,103.234
16,2048,70,12,131.0549
16,2048,70,14,130.3655
16,2048,70,16,128.0425
16,2048,70,18,128.6971
16,2048,70,20,123.5822
16,2048,70,22,121.3628
16,2048,70,24,142.9291
16,2048,70,26,138.0509
16,2048,70,28,141.3015
16,2048,70,30,127.3204
16,2048,70,32,130.1213
16,2048,70,34,129.3795
16,2048,70,36,147.2095
16,2048,70,38,143.0526
16,2048,70,40,146.7834
16,2048,70,42,138.9075
16,2048,70,44,138.3796
16,2048,70,46,139.2499
16,2048,70,48,136.7277
16,2048,70,50,141.6265
16,2048,70,52,135.585
16,2048,70,54,133.4245
16,2048,70,56,134.6166
16,2048,70,58,131.6399
16,2048,70,60,131.9347
16,2048,70,62,129.6904
16,2048,70,64,130.9038
16,2048,70,66,127.3689
16,2048,70,68,126.2788
16,2048,72,2,58.772
16,2048,72,4,89.5917
16,2048,72,6,97.3894
16,2048,72,8,111.6475
16,2048,72,10,114.0434
16,2048,72,12,155.7149
16,2048,72,14,141.9246
16,2048,72,16,144.1331
16,2048,72,18,148.0776
16,2048,72,20,143.9911
16,2048,72,22,134.9472
16,2048,72,24,173.2938
16,2048,72,26,156.6656
16,2048,72,28,163.4241
16,2048,72,30,151.8815
16,2048,72,32,147.8142
16,2048,72,34,144.2003
16,2048,72,36,169.2505
16,2048,72,38,155.6979
16,2048,72,40,155.1494
16,2048,72,42,153.3795
16,2048,72,44,158.0971
16,2048,72,46,152.8289
16,2048,72,48,172.2159
16,2048,72,50,150.1905
16,2048,72,52,158.5893
16,2048,72,54,153.1477
16,2048,72,56,147.2179
16,2048,72,58,142.8829
16,2048,72,60,164.3098
16,2048,72,62,145.5995
16,2048,72,64,144.066
16,2048,72,66,137.2516
16,2048,72,68,141.0926
16,2048,72,70,142.3839
16,2048,74,2,56.8422
16,2048,74,4,84.006
16,2048,74,6,93.1911
16,2048,74,8,106.0997
16,2048,74,10,106.7919
16,2048,74,12,143.8985
16,2048,74,14,137.4153
16,2048,74,16,141.2103
16,2048,74,18,131.1779
16,2048,74,20,138.7161
16,2048,74,22,130.7857
16,2048,74,24,155.742
16,2048,74,26,146.5242
16,2048,74,28,152.8155
16,2048,74,30,146.1076
16,2048,74,32,141.9914
16,2048,74,34,137.572
16,2048,74,36,164.5371
16,2048,74,38,156.2231
16,2048,74,40,149.0701
16,2048,74,42,152.6645
16,2048,74,44,147.914
16,2048,74,46,154.0389
16,2048,74,48,156.7535
16,2048,74,50,153.5973
16,2048,74,52,148.8789
16,2048,74,54,141.5442
16,2048,74,56,145.1126
16,2048,74,58,148.3455
16,2048,74,60,146.391
16,2048,74,62,146.4722
16,2048,74,64,134.7402
16,2048,74,66,136.827
16,2048,74,68,134.7264
16,2048,74,70,133.7754
16,2048,74,72,141.6559
16,2048,76,2,57.6731
16,2048,76,4,83.2431
16,2048,76,6,93.8635
16,2048,76,8,108.9827
16,2048,76,10,112.2324
16,2048,76,12,145.8999
16,2048,76,14,134.4871
16,2048,76,16,146.2456
16,2048,76,18,135.4213
16,2048,76,20,141.4996
16,2048,76,22,131.8056
16,2048,76,24,160.6415
16,2048,76,26,170.1989
16,2048,76,28,154.6854
16,2048,76,30,148.8672
16,2048,76,32,151.5211
16,2048,76,34,141.1654
16,2048,76,36,159.8308
16,2048,76,38,160.3119
16,2048,76,40,162.1734
16,2048,76,42,159.7745
16,2048,76,44,156.1942
16,2048,76,46,151.5016
16,2048,76,48,159.8051
16,2048,76,50,156.2875
16,2048,76,52,157.6368
16,2048,76,54,143.4335
16,2048,76,56,146.3348
16,2048,76,58,143.5435
16,2048,76,60,151.0363
16,2048,76,62,148.0235
16,2048,76,64,147.4508
16,2048,76,66,140.3613
16,2048,76,68,143.9533
16,2048,76,70,129.6117
16,2048,76,72,144.8144
16,2048,76,74,145.1724
16,2048,78,2,55.8859
16,2048,78,4,85.3527
16,2048,78,6,92.0332
16,2048,78,8,106.8274
16,2048,78,10,107.87
16,2048,78,12,140.8969
16,2048,78,14,133.4572
16,2048,78,16,141.4537
16,2048,78,18,132.7228
16,2048,78,20,136.513
16,2048,78,22,132.6266
16,2048,78,24,160.2631
16,2048,78,26,153.8432
16,2048,78,28,146.719
16,2048,78,30,142.7157
16,2048,78,32,154.5105
16,2048,78,34,136.5848
16,2048,78,36,158.9478
16,2048,78,38,146.7177
16,2048,78,40,154.0196
16,2048,78,42,152.8164
16,2048,78,44,147.5801
16,2048,78,46,144.6445
16,2048,78,48,157.3091
16,2048,78,50,156.8623
16,2048,78,52,149.6565
16,2048,78,54,146.5909
16,2048,78,56,137.9727
16,2048,78,58,137.9058
16,2048,78,60,150.5129
16,2048,78,62,142.2334
16,2048,78,64,143.0185
16,2048,78,66,141.4414
16,2048,78,68,139.485
16,2048,78,70,136.8995
16,2048,78,72,135.3369
16,2048,78,74,140.3104
16,2048,78,76,136.5427
16,2048,80,2,59.6434
16,2048,80,4,85.7114
16,2048,80,6,95.948
16,2048,80,8,112.9846
16,2048,80,10,111.9765
16,2048,80,12,146.5659
16,2048,80,14,144.4596
16,2048,80,16,146.0476
16,2048,80,18,142.4488
16,2048,80,20,142.2712
16,2048,80,22,138.5098
16,2048,80,24,159.1662
16,2048,80,26,152.094
16,2048,80,28,159.8297
16,2048,80,30,150.5557
16,2048,80,32,148.2511
16,2048,80,34,154.0805
16,2048,80,36,156.1995
16,2048,80,38,160.5341
16,2048,80,40,158.2159
16,2048,80,42,158.9396
16,2048,80,44,157.2052
16,2048,80,46,145.8387
16,2048,80,48,154.8455
16,2048,80,50,161.266
16,2048,80,52,155.3812
16,2048,80,54,150.6729
16,2048,80,56,153.3469
16,2048,80,58,141.0817
16,2048,80,60,154.1056
16,2048,80,62,146.3926
16,2048,80,64,145.5518
16,2048,80,66,142.0521
16,2048,80,68,143.1411
16,2048,80,70,142.3639
16,2048,80,72,144.3974
16,2048,80,74,147.464
16,2048,80,76,141.7887
16,2048,80,78,141.4032
16,2048,82,2,60.6489
16,2048,82,4,87.9162
16,2048,82,6,92.3337
16,2048,82,8,107.5154
16,2048,82,10,109.9491
16,2048,82,12,146.3563
16,2048,82,14,140.5634
16,2048,82,16,140.8827
16,2048,82,18,139.7592
16,2048,82,20,135.3228
16,2048,82,22,134.5231
16,2048,82,24,158.3745
16,2048,82,26,156.2426
16,2048,82,28,157.9494
16,2048,82,30,148.1928
16,2048,82,32,152.2923
16,2048,82,34,146.9452
16,2048,82,36,154.4811
16,2048,82,38,158.2329
16,2048,82,40,151.005
16,2048,82,42,152.4718
16,2048,82,44,146.1251
16,2048,82,46,154.0049
16,2048,82,48,151.8975
16,2048,82,50,151.6404
16,2048,82,52,152.5967
16,2048,82,54,150.2384
16,2048,82,56,158.4135
16,2048,82,58,147.1359
16,2048,82,60,145.3251
16,2048,82,62,145.1843
16,2048,82,64,147.213
16,2048,82,66,144.608
16,2048,82,68,140.7036
16,2048,82,70,146.9763
16,2048,82,72,142.1358
16,2048,82,74,140.4707
16,2048,82,76,140.1064
16,2048,82,78,138.7318
16,2048,82,80,138.7243
16,2048,84,2,63.099
16,2048,84,4,94.0036
16,2048,84,6,102.922
16,2048,84,8,115.6588
16,2048,84,10,120.8626
16,2048,84,12,165.199
16,2048,84,14,153.9871
16,2048,84,16,141.0865
16,2048,84,18,148.8912
16,2048,84,20,146.8222
16,2048,84,22,150.1278
16,2048,84,24,176.9537
16,2048,84,26,162.6593
16,2048,84,28,159.3348
16,2048,84,30,164.4284
16,2048,84,32,156.9432
16,2048,84,34,153.5925
16,2048,84,36,173.2059
16,2048,84,38,163.3714
16,2048,84,40,162.7809
16,2048,84,42,165.0031
16,2048,84,44,164.845
16,2048,84,46,163.065
16,2048,84,48,170.4841
16,2048,84,50,161.704
16,2048,84,52,161.4456
16,2048,84,54,157.0765
16,2048,84,56,158.2479
16,2048,84,58,167.848
16,2048,84,60,169.5935
16,2048,84,62,153.3344
16,2048,84,64,157.5387
16,2048,84,66,157.1166
16,2048,84,68,150.4472
16,2048,84,70,148.4657
16,2048,84,72,164.8569
16,2048,84,74,148.6605
16,2048,84,76,152.3377
16,2048,84,78,148.6285
16,2048,84,80,147.5072
16,2048,84,82,144.756
16,2048,86,2,61.254
16,2048,86,4,92.3091
16,2048,86,6,98.9432
16,2048,86,8,115.8417
16,2048,86,10,113.3923
16,2048,86,12,155.5174
16,2048,86,14,141.5239
16,2048,86,16,151.4032
16,2048,86,18,150.2632
16,2048,86,20,140.2756
16,2048,86,22,143.1579
16,2048,86,24,167.9573
16,2048,86,26,157.4953
16,2048,86,28,155.4241
16,2048,86,30,158.2425
16,2048,86,32,151.9594
16,2048,86,34,148.927
16,2048,86,36,176.3727
16,2048,86,38,157.4155
16,2048,86,40,155.5666
16,2048,86,42,159.1372
16,2048,86,44,155.7858
16,2048,86,46,155.4205
16,2048,86,48,167.5927
16,2048,86,50,164.2704
16,2048,86,52,163.3403
16,2048,86,54,158.9132
16,2048,86,56,151.8569
16,2048,86,58,161.4451
16,2048,86,60,159.2922
16,2048,86,62,157.4084
16,2048,86,64,148.0401
16,2048,86,66,149.6926
16,2048,86,68,144.8769
16,2048,86,70,144.559
16,2048,86,72,150.8292
16,2048,86,74,153.4927
16,2048,86,76,150.6308
16,2048,86,78,144.5683
16,2048,86,80,142.2583
16,2048,86,82,141.7755
16,2048,86,84,145.5123
16,2048,88,2,62.0222
16,2048,88,4,90.6164
16,2048,88,6,98.8739
16,2048,88,8,115.5379
16,2048,88,10,115.0506
16,2048,88,12,152.4469
16,2048,88,14,149.299
16,2048,88,16,146.2311
16,2048,88,18,137.9058
16,2048,88,20,144.7687
16,2048,88,22,143.727
16,2048,88,24,170.9534
16,2048,88,26,165.5531
16,2048,88,28,158.4789
16,2048,88,30,160.8524
16,2048,88,32,166.3233
16,2048,88,34,149.6449
16,2048,88,36,178.1905
16,2048,88,38,163.8136
16,2048,88,40,160.0632
16,2048,88,42,154.8755
16,2048,88,44,158.9035
16,2048,88,46,156.9847
16,2048,88,48,169.8424
16,2048,88,50,164.3757
16,2048,88,52,166.6618
16,2048,88,54,153.6446
16,2048,88,56,155.7361
16,2048,88,58,150.092
16,2048,88,60,170.8791
16,2048,88,62,158.7804
16,2048,88,64,170.0134
16,2048,88,66,147.7849
16,2048,88,68,147.9321
16,2048,88,70,147.0002
16,2048,88,72,154.1559
16,2048,88,74,150.1745
16,2048,88,76,143.2174
16,2048,88,78,143.9907
16,2048,88,80,144.5682
16,2048,88,82,141.2818
16,2048,88,84,148.218
16,2048,88,86,147.5678
16,2048,90,2,62.9194
16,2048,90,4,92.8047
16,2048,90,6,100.4304
16,2048,90,8,119.8083
16,2048,90,10,116.3299
16,2048,90,12,149.0325
16,2048,90,14,146.8992
16,2048,90,16,147.0332
16,2048,90,18,144.665
16,2048,90,20,139.9219
16,2048,90,22,137.6758
16,2048,90,24,162.8058
16,2048,90,26,162.0202
16,2048,90,28,161.302
16,2048,90,30,161.7369
16,2048,90,32,158.8761
16,2048,90,34,154.005
16,2048,90,36,164.5283
16,2048,90,38,160.9025
16,2048,90,40,165.72
16,2048,90,42,147.5419
16,2048,90,44,153.9712
16,2048,90,46,152.2248
16,2048,90,48,173.6211
16,2048,90,50,162.1181
16,2048,90,52,162.4596
16,2048,90,54,168.2358
16,2048,90,56,153.592
16,2048,90,58,152.4678
16,2048,90,60,161.0073
16,2048,90,62,156.6547
16,2048,90,64,153.4225
16,2048,90,66,161.8335
16,2048,90,68,143.3413
16,2048,90,70,145.9294
16,2048,90,72,151.4474
16,2048,90,74,150.2301
16,2048,90,76,146.4981
16,2048,90,78,148.9317
16,2048,90,80,144.4122
16,2048,90,82,146.2501
16,2048,90,84,149.6473
16,2048,90,86,150.9895
16,2048,90,88,145.3584
16,2048,92,2,62.052
16,2048,92,4,88.3045
16,2048,92,6,98.8441
16,2048,92,8,118.4264
16,2048,92,10,114.1373
16,2048,92,12,150.6406
16,2048,92,14,152.6008
16,2048,92,16,153.2432
16,2048,92,18,140.8177
16,2048,92,20,155.7697
16,2048,92,22,142.2858
16,2048,92,24,169.5303
16,2048,92,26,168.8915
16,2048,92,28,158.4874
16,2048,92,30,154.896
16,2048,92,32,167.7297
16,2048,92,34,156.9178
16,2048,92,36,163.335
16,2048,92,38,159.1739
16,2048,92,40,161.8889
16,2048,92,42,153.6445
16,2048,92,44,152.1716
16,2048,92,46,152.5509
16,2048,92,48,169.7532
16,2048,92,50,167.5077
16,2048,92,52,144.8016
16,2048,92,54,161.1147
16,2048,92,56,158.6367
16,2048,92,58,154.268
16,2048,92,60,158.972
16,2048,92,62,155.9787
16,2048,92,64,153.3763
16,2048,92,66,150.3566
16,2048,92,68,151.6675
16,2048,92,70,144.4614
16,2048,92,72,144.2633
16,2048,92,74,151.5354
16,2048,92,76,152.8259
16,2048,92,78,148.668
16,2048,92,80,156.7631
16,2048,92,82,141.3322
16,2048,92,84,147.7321
16,2048,92,86,145.7791
16,2048,92,88,148.323
16,2048,92,90,143.6674
16,2048,94,2,63.9444
16,2048,94,4,93.1973
16,2048,94,6,100.9746
16,2048,94,8,114.3312
16,2048,94,10,114.7046
16,2048,94,12,149.5964
16,2048,94,14,143.797
16,2048,94,16,152.0963
16,2048,94,18,142.8446
16,2048,94,20,155.1313
16,2048,94,22,137.5533
16,2048,94,24,172.2068
16,2048,94,26,161.2626
16,2048,94,28,162.5857
16,2048,94,30,152.2472
16,2048,94,32,146.4422
16,2048,94,34,151.7371
16,2048,94,36,159.9401
16,2048,94,38,168.006
16,2048,94,40,166.0421
16,2048,94,42,152.7437
16,2048,94,44,157.5352
16,2048,94,46,151.3595
16,2048,94,48,159.5792
16,2048,94,50,160.055
16,2048,94,52,167.9328
16,2048,94,54,157.8821
16,2048,94,56,159.8851
16,2048,94,58,157.3811
16,2048,94,60,156.989
16,2048,94,62,153.8301
16,2048,94,64,154.4924
16,2048,94,66,158.4694
16,2048,94,68,151.083
16,2048,94,70,153.2866
16,2048,94,72,149.6388
16,2048,94,74,148.1267
16,2048,94,76,150.0131
16,2048,94,78,154.0296
16,2048,94,80,149.7471
16,2048,94,82,146.4297
16,2048,94,84,145.6247
16,2048,94,86,147.2454
16,2048,94,88,149.0267
16,2048,94,90,140.9407
16,2048,94,92,140.133
16,2048,96,2,68.019
16,2048,96,4,99.8674
16,2048,96,6,112.9223
16,2048,96,8,123.1955
16,2048,96,10,122.3893
16,2048,96,12,172.4451
16,2048,96,14,159.5875
16,2048,96,16,160.012
16,2048,96,18,151.116
16,2048,96,20,153.8162
16,2048,96,22,146.6007
16,2048,96,24,198.536
16,2048,96,26,173.385
16,2048,96,28,173.202
16,2048,96,30,160.868
16,2048,96,32,164.2618
16,2048,96,34,165.0436
16,2048,96,36,187.8396
16,2048,96,38,169.5358
16,2048,96,40,169.81
16,2048,96,42,169.9381
16,2048,96,44,164.0157
16,2048,96,46,154.7872
16,2048,96,48,178.1258
16,2048,96,50,166.2988
16,2048,96,52,156.9523
16,2048,96,54,165.5214
16,2048,96,56,166.6871
16,2048,96,58,164.7368
16,2048,96,60,174.6206
16,2048,96,62,160.7698
16,2048,96,64,165.4057
16,2048,96,66,159.293
16,2048,96,68,170.5757
16,2048,96,70,157.8958
16,2048,96,72,165.5143
16,2048,96,74,156.5887
16,2048,96,76,161.6575
16,2048,96,78,154.9538
16,2048,96,80,157.0676
16,2048,96,82,154.1972
16,2048,96,84,160.8918
16,2048,96,86,157.8367
16,2048,96,88,155.1778
16,2048,96,90,156.9757
16,2048,96,92,152.5486
16,2048,96,94,153.3798
16,2048,98,2,68.545
16,2048,98,4,96.6159
16,2048,98,6,104.5903
16,2048,98,8,120.5176
16,2048,98,10,125.5446
16,2048,98,12,166.286
16,2048,98,14,152.3654
16,2048,98,16,161.7978
16,2048,98,18,147.0445
16,2048,98,20,157.4111
16,2048,98,22,143.8316
16,2048,98,24,174.6988
16,2048,98,26,166.2306
16,2048,98,28,166.8905
16,2048,98,30,157.3938
16,2048,98,32,158.5018
16,2048,98,34,157.8515
16,2048,98,36,175.5049
16,2048,98,38,166.3315
16,2048,98,40,164.3176
16,2048,98,42,172.2538
16,2048,98,44,166.2364
16,2048,98,46,155.1388
16,2048,98,48,168.9547
16,2048,98,50,171.7747
16,2048,98,52,159.786
16,2048,98,54,173.3319
16,2048,98,56,171.0352
16,2048,98,58,166.1616
16,2048,98,60,168.513
16,2048,98,62,166.1029
16,2048,98,64,158.307
16,2048,98,66,164.0368
16,2048,98,68,156.7792
16,2048,98,70,154.9336
16,2048,98,72,166.2114
16,2048,98,74,160.9675
16,2048,98,76,153.3894
16,2048,98,78,151.2242
16,2048,98,80,151.766
16,2048,98,82,152.025
16,2048,98,84,159.6247
16,2048,98,86,154.3796
16,2048,98,88,150.6808
16,2048,98,90,148.0522
16,2048,98,92,155.5755
16,2048,98,94,145.2618
16,2048,98,96,149.6773
16,2048,100,2,66.9855
16,2048,100,4,95.7097
16,2048,100,6,104.0633
16,2048,100,8,119.6183
16,2048,100,10,118.9029
16,2048,100,12,166.5976
16,2048,100,14,153.1942
16,2048,100,16,155.7244
16,2048,100,18,145.398
16,2048,100,20,151.4299
16,2048,100,22,146.9568
16,2048,100,24,178.3423
16,2048,100,26,169.102
16,2048,100,28,174.5822
16,2048,100,30,157.3297
16,2048,100,32,164.5931
16,2048,100,34,158.6309
16,2048,100,36,177.7136
16,2048,100,38,184.1217
16,2048,100,40,163.2086
16,2048,100,42,163.3908
16,2048,100,44,163.5192
16,2048,100,46,150.2743
16,2048,100,48,167.6472
16,2048,100,50,168.9534
16,2048,100,52,169.7914
16,2048,100,54,157.6392
16,2048,100,56,161.1855
16,2048,100,58,157.1363
16,2048,100,60,178.8699
16,2048,100,62,167.2454
16,2048,100,64,164.5723
16,2048,100,66,156.7119
16,2048,100,68,161.3855
16,2048,100,70,160.9844
16,2048,100,72,172.1397
16,2048,100,74,160.0267
16,2048,100,76,163.3879
16,2048,100,78,151.4052
16,2048,100,80,153.9894
16,2048,100,82,154.881
16,2048,100,84,155.9612
16,2048,100,86,153.5541
16,2048,100,88,154.822
16,2048,100,90,148.0731
16,2048,100,92,140.2156
16,2048,100,94,144.5516
16,2048,100,96,152.3667
16,2048,100,98,148.6961
16,2048,102,2,64.9388
16,2048,102,4,93.6301
16,2048,102,6,102.4021
16,2048,102,8,122.5966
16,2048,102,10,117.0884
16,2048,102,12,153.8311
16,2048,102,14,146.2116
16,2048,102,16,148.2504
16,2048,102,18,148.8408
16,2048,102,20,145.3699
16,2048,102,22,147.8687
16,2048,102,24,171.2018
16,2048,102,26,169.4362
16,2048,102,28,161.4446
16,2048,102,30,159.2757
16,2048,102,32,162.7286
16,2048,102,34,151.0713
16,2048,102,36,167.6316
16,2048,102,38,166.3502
16,2048,102,40,158.8556
16,2048,102,42,158.4729
16,2048,102,44,156.4538
16,2048,102,46,156.469
16,2048,102,48,170.4997
16,2048,102,50,157.9079
16,2048,102,52,162.5024
16,2048,102,54,161.9653
16,2048,102,56,154.7012
16,2048,102,58,153.477
16,2048,102,60,158.4224
16,2048,102,62,158.713
16,2048,102,64,157.5312
16,2048,102,66,155.9613
16,2048,102,68,151.3785
16,2048,102,70,152.0739
16,2048,102,72,155.525
16,2048,102,74,151.3838
16,2048,102,76,152.7042
16,2048,102,78,155.5901
16,2048,102,80,145.5937
16,2048,102,82,148.8497
16,2048,102,84,141.5792
16,2048,102,86,156.5448
16,2048,102,88,145.1601
16,2048,102,90,154.2415
16,2048,102,92,140.5821
16,2048,102,94,137.0036
16,2048,102,96,146.5922
16,2048,102,98,141.7401
16,2048,102,100,140.0063
16,2048,104,2,66.2611
16,2048,104,4,99.0701
16,2048,104,6,107.3518
16,2048,104,8,120.3884
16,2048,104,10,119.0644
16,2048,104,12,160.2225
16,2048,104,14,150.7511
16,2048,104,16,152.7419
16,2048,104,18,158.3639
16,2048,104,20,157.7396
16,2048,104,22,148.7686
16,2048,104,24,171.9117
16,2048,104,26,172.4549
16,2048,104,28,173.5459
16,2048,104,30,164.062
16,2048,104,32,166.222
16,2048,104,34,153.6861
16,2048,104,36,174.8647
16,2048,104,38,168.0435
16,2048,104,40,169.8813
16,2048,104,42,162.7358
16,2048,104,44,163.8635
16,2048,104,46,163.7039
16,2048,104,48,167.5962
16,2048,104,50,163.6965
16,2048,104,52,165.7505
16,2048,104,54,164.5748
16,2048,104,56,165.4997
16,2048,104,58,165.6719
16,2048,104,60,167.1544
16,2048,104,62,169.9825
16,2048,104,64,165.2106
16,2048,104,66,156.183
16,2048,104,68,157.4294
16,2048,104,70,155.2846
16,2048,104,72,161.4338
16,2048,104,74,157.4031
16,2048,104,76,160.979
16,2048,104,78,157.1382
16,2048,104,80,169.2717
16,2048,104,82,147.3636
16,2048,104,84,156.3572
16,2048,104,86,152.2793
16,2048,104,88,154.4734
16,2048,104,90,161.4339
16,2048,104,92,153.0541
16,2048,104,94,145.182
16,2048,104,96,153.8427
16,2048,104,98,146.2735
16,2048,104,100,153.2178
16,2048,104,102,145.6165
16,2048,106,2,66.6876
16,2048,106,4,97.8374
16,2048,106,6,103.6328
16,2048,106,8,122.2469
16,2048,106,10,117.3829
16,2048,106,12,153.2844
16,2048,106,14,147.3017
16,2048,106,16,150.1829
16,2048,106,18,146.0513
16,2048,106,20,144.1946
16,2048,106,22,144.5225
16,2048,106,24,164.2054
16,2048,106,26,163.7738
16,2048,106,28,160.4629
16,2048,106,30,156.3198
16,2048,106,32,157.0125
16,2048,106,34,147.5909
16,2048,106,36,176.9444
16,2048,106,38,173.9889
16,2048,106,40,164.1334
16,2048,106,42,156.2205
16,2048,106,44,154.7485
16,2048,106,46,154.2802
16,2048,106,48,158.1428
16,2048,106,50,163.9159
16,2048,106,52,161.9012
16,2048,106,54,159.3345
16,2048,106,56,163.5432
16,2048,106,58,161.2996
16,2048,106,60,157.8542
16,2048,106,62,155.2549
16,2048,106,64,156.2702
16,2048,106,66,154.7805
16,2048,106,68,165.0121
16,2048,106,70,154.5929
16,2048,106,72,153.5329
16,2048,106,74,161.9048
16,2048,106,76,151.493
16,2048,106,78,151.3518
16,2048,106,80,145.4023
16,2048,106,82,152.3814
16,2048,106,84,155.9615
16,2048,106,86,149.1211
16,2048,106,88,156.8566
16,2048,106,90,153.6894
16,2048,106,92,147.7173
16,2048,106,94,144.56
16,2048,106,96,144.9377
16,2048,106,98,145.1811
16,2048,106,100,145.6352
16,2048,106,102,146.4544
16,2048,106,104,139.7276
16,2048,108,2,72.2879
16,2048,108,4,109.1691
16,2048,108,6,112.9842
16,2048,108,8,129.8914
16,2048,108,10,127.9615
16,2048,108,12,176.6436
16,2048,108,14,161.0763
16,2048,108,16,164.852
16,2048,108,18,159.4758
16,2048,108,20,158.457
16,2048,108,22,156.3848
16,2048,108,24,201.6463
16,2048,108,26,176.636
16,2048,108,28,189.6522
16,2048,108,30,171.995
16,2048,108,32,168.9055
16,2048,108,34,169.6581
16,2048,108,36,188.8105
16,2048,108,38,174.5676
16,2048,108,40,178.9202
16,2048,108,42,175.1458
16,2048,108,44,168.4397
16,2048,108,46,163.4072
16,2048,108,48,169.9648
16,2048,108,50,171.9147
16,2048,108,52,174.1267
16,2048,108,54,173.2623
16,2048,108,56,171.7347
16,2048,108,58,169.4901
16,2048,108,60,180.4744
16,2048,108,62,168.4758
16,2048,108,64,172.1608
16,2048,108,66,172.7883
16,2048,108,68,167.3127
16,2048,108,70,167.6258
16,2048,108,72,176.1219
16,2048,108,74,165.3721
16,2048,108,76,168.9563
16,2048,108,78,162.5012
16,2048,108,80,169.3628
16,2048,108,82,163.4665
16,2048,108,84,170.8967
16,2048,108,86,160.3608
16,2048,108,88,159.0566
16,2048,108,90,167.577
16,2048,108,92,161.68
16,2048,108,94,157.0204
16,2048,108,96,160.6458
16,2048,108,98,163.6878
16,2048,108,100,153.7777
16,2048,108,102,152.5997
16,2048,108,104,151.7766
16,2048,108,106,150.4388
16,2048,110,2,69.3856
16,2048,110,4,100.5204
16,2048,110,6,105.2592
16,2048,110,8,121.6836
16,2048,110,10,122.6431
16,2048,110,12,164.2678
16,2048,110,14,157.0087
16,2048,110,16,157.9557
16,2048,110,18,153.7764
16,2048,110,20,150.6057
16,2048,110,22,149.2287
16,2048,110,24,186.0747
16,2048,110,26,167.4297
16,2048,110,28,172.2691
16,2048,110,30,173.7284
16,2048,110,32,165.3068
16,2048,110,34,161.399
16,2048,110,36,177.214
16,2048,110,38,178.4738
16,2048,110,40,180.1309
16,2048,110,42,164.7496
16,2048,110,44,159.3156
16,2048,110,46,165.1323
16,2048,110,48,183.4551
16,2048,110,50,162.8517
16,2048,110,52,171.4945
16,2048,110,54,158.8456
16,2048,110,56,171.6953
16,2048,110,58,161.8334
16,2048,110,60,168.4347
16,2048,110,62,176.0795
16,2048,110,64,161.1694
16,2048,110,66,160.199
16,2048,110,68,156.7155
16,2048,110,70,158.8193
16,2048,110,72,175.424
16,2048,110,74,164.1539
16,2048,110,76,159.4831
16,2048,110,78,167.943
16,2048,110,80,156.7478
16,2048,110,82,157.0864
16,2048,110,84,159.9385
16,2048,110,86,159.6538
16,2048,110,88,153.8301
16,2048,110,90,148.8453
16,2048,110,92,149.3547
16,2048,110,94,151.4993
16,2048,110,96,152.8732
16,2048,110,98,152.8212
16,2048,110,100,146.4756
16,2048,110,102,144.5397
16,2048,110,104,144.535
16,2048,110,106,143.6723
16,2048,110,108,147.1783
16,2048,112,2,69.631
16,2048,112,4,98.2857
16,2048,112,6,106.5965
16,2048,112,8,126.5465
16,2048,112,10,120.3528
16,2048,112,12,161.822
16,2048,112,14,158.3213
16,2048,112,16,161.4778
16,2048,112,18,151.0244
16,2048,112,20,155.2739
16,2048,112,22,146.0242
16,2048,112,24,178.8488
16,2048,112,26,169.7116
16,2048,112,28,169.448
16,2048,112,30,160.4294
16,2048,112,32,163.4848
16,2048,112,34,152.935
16,2048,112,36,171.6126
16,2048,112,38,175.2371
16,2048,112,40,171.9955
16,2048,112,42,169.3916
16,2048,112,44,168.9554
16,2048,112,46,155.1639
16,2048,112,48,173.5118
16,2048,112,50,164.6169
16,2048,112,52,164.8874
16,2048,112,54,159.2574
16,2048,112,56,165.7688
16,2048,112,58,169.8071
16,2048,112,60,171.8644
16,2048,112,62,165.8393
16,2048,112,64,167.8359
16,2048,112,66,159.2263
16,2048,112,68,159.9843
16,2048,112,70,156.535
16,2048,112,72,171.2517
16,2048,112,74,160.6083
16,2048,112,76,163.9774
16,2048,112,78,154.2514
16,2048,112,80,157.3367
16,2048,112,82,156.8883
16,2048,112,84,159.9058
16,2048,112,86,163.2413
16,2048,112,88,161.574
16,2048,112,90,154.3236
16,2048,112,92,151.2892
16,2048,112,94,148.0013
16,2048,112,96,155.7156
16,2048,112,98,152.7565
16,2048,112,100,153.6814
16,2048,112,102,145.5274
16,2048,112,104,144.7507
16,2048,112,106,146.4361
16,2048,112,108,154.3172
16,2048,112,110,144.1593
16,2048,114,2,70.5518
16,2048,114,4,100.6715
16,2048,114,6,108.063
16,2048,114,8,122.336
16,2048,114,10,120.9477
16,2048,114,12,160.2429
16,2048,114,14,164.5706
16,2048,114,16,157.8173
16,2048,114,18,150.3662
16,2048,114,20,162.3438
16,2048,114,22,146.1199
16,2048,114,24,174.1788
16,2048,114,26,175.6399
16,2048,114,28,168.2969
16,2048,114,30,168.8686
16,2048,114,32,162.6967
16,2048,114,34,159.8482
16,2048,114,36,176.4142
16,2048,114,38,170.0639
16,2048,114,40,167.4122
16,2048,114,42,165.7385
16,2048,114,44,177.8763
16,2048,114,46,162.3163
16,2048,114,48,171.2354
16,2048,114,50,166.3886
16,2048,114,52,152.8677
16,2048,114,54,159.3294
16,2048,114,56,159.1483
16,2048,114,58,170.141
16,2048,114,60,168.2931
16,2048,114,62,164.9615
16,2048,114,64,162.1
16,2048,114,66,162.3382
16,2048,114,68,155.7818
16,2048,114,70,157.9881
16,2048,114,72,161.323
16,2048,114,74,175.1346
16,2048,114,76,161.6895
16,2048,114,78,162.5933
16,2048,114,80,155.5403
16,2048,114,82,154.8867
16,2048,114,84,157.9569
16,2048,114,86,159.6631
16,2048,114,88,163.1992
16,2048,114,90,159.7796
16,2048,114,92,158.9113
16,2048,114,94,150.6781
16,2048,114,96,161.7749
16,2048,114,98,152.4094
16,2048,114,100,151.0138
16,2048,114,102,149.2832
16,2048,114,104,143.7246
16,2048,114,106,143.9936
16,2048,114,108,146.5334
16,2048,114,110,145.45
16,2048,114,112,146.4117
16,2048,116,2,71.1742
16,2048,116,4,106.876
16,2048,116,6,112.5519
16,2048,116,8,127.4091
16,2048,116,10,121.5045
16,2048,116,12,163.8587
16,2048,116,14,153.9056
16,2048,116,16,158.4772
16,2048,116,18,150.2171
16,2048,116,20,154.8483
16,2048,116,22,146.1861
16,2048,116,24,187.5832
16,2048,116,26,169.4623
16,2048,116,28,169.137
16,2048,116,30,167.7078
16,2048,116,32,160.6797
16,2048,116,34,159.3858
16,2048,116,36,176.0836
16,2048,116,38,168.0566
16,2048,116,40,184.2727
16,2048,116,42,168.2815
16,2048,116,44,169.5997
16,2048,116,46,163.1784
16,2048,116,48,170.2892
16,2048,116,50,168.8793
16,2048,116,52,163.9173
16,2048,116,54,161.4373
16,2048,116,56,162.0534
16,2048,116,58,157.8546
16,2048,116,60,165.059
16,2048,116,62,167.0285
16,2048,116,64,175.6624
16,2048,116,66,155.9751
16,2048,116,68,172.0785
16,2048,116,70,157.5442
16,2048,116,72,159.6508
16,2048,116,74,160.0953
16,2048,116,76,172.1872
16,2048,116,78,159.865
16,2048,116,80,165.561
16,2048,116,82,153.7943
16,2048,116,84,160.5701
16,2048,116,86,156.996
16,2048,116,88,157.3
16,2048,116,90,157.0997
16,2048,116,92,157.7638
16,2048,116,94,144.8264
16,2048,116,96,151.9441
16,2048,116,98,160.965
16,2048,116,100,151.6575
16,2048,116,102,150.0692
16,2048,116,104,159.7068
16,2048,116,106,143.5933
16,2048,116,108,153.6599
16,2048,116,110,149.0516
16,2048,116,112,154.4011
16,2048,116,114,146.1601
16,2048,118,2,70.8376
16,2048,118,4,99.8209
16,2048,118,6,104.6812
16,2048,118,8,119.7101
16,2048,118,10,124.8771
16,2048,118,12,158.6364
16,2048,118,14,147.6221
16,2048,118,16,156.8094
16,2048,118,18,149.5367
16,2048,118,20,152.734
16,2048,118,22,143.817
16,2048,118,24,171.2006
16,2048,118,26,165.5974
16,2048,118,28,162.3522
16,2048,118,30,162.7608
16,2048,118,32,157.6027
16,2048,118,34,161.4301
16,2048,118,36,169.8419
16,2048,118,38,166.2298
16,2048,118,40,169.4336
16,2048,118,42,160.0457
16,2048,118,44,164.1359
16,2048,118,46,162.1344
16,2048,118,48,163.7145
16,2048,118,50,160.2624
16,2048,118,52,171.2917
16,2048,118,54,156.6137
16,2048,118,56,154.5389
16,2048,118,58,153.4438
16,2048,118,60,160.3133
16,2048,118,62,159.0455
16,2048,118,64,159.1553
16,2048,118,66,155.8621
16,2048,118,68,159.8872
16,2048,118,70,163.0922
16,2048,118,72,158.0583
16,2048,118,74,157.2303
16,2048,118,76,155.5219
16,2048,118,78,156.4021
16,2048,118,80,155.7179
16,2048,118,82,155.9852
16,2048,118,84,157.1817
16,2048,118,86,153.0915
16,2048,118,88,154.1236
16,2048,118,90,155.0631
16,2048,118,92,150.5475
16,2048,118,94,151.3777
16,2048,118,96,147.9912
16,2048,118,98,151.6286
16,2048,118,100,147.0422
16,2048,118,102,148.2123
16,2048,118,104,143.8812
16,2048,118,106,144.7604
16,2048,118,108,142.1033
16,2048,118,110,148.1545
16,2048,118,112,138.7535
16,2048,118,114,140.8793
16,2048,118,116,139.1347
16,2048,120,2,73.3722
16,2048,120,4,100.3326
16,2048,120,6,112.0937
16,2048,120,8,126.4545
16,2048,120,10,127.2497
16,2048,120,12,175.9115
16,2048,120,14,161.6848
16,2048,120,16,164.2704
16,2048,120,18,160.8261
16,2048,120,20,171.2088
16,2048,120,22,154.7467
16,2048,120,24,188.9177
16,2048,120,26,183.9438
16,2048,120,28,176.7901
16,2048,120,30,170.1911
16,2048,120,32,174.149
16,2048,120,34,164.6072
16,2048,120,36,202.0726
16,2048,120,38,181.6633
16,2048,120,40,179.1361
16,2048,120,42,185.1972
16,2048,120,44,171.8425
16,2048,120,46,168.3634
16,2048,120,48,199.0964
16,2048,120,50,169.8279
16,2048,120,52,177.9163
16,2048,120,54,168.7905
16,2048,120,56,165.7391
16,2048,120,58,162.8277
16,2048,120,60,176.4375
16,2048,120,62,171.6032
16,2048,120,64,166.9189
16,2048,120,66,164.7189
16,2048,120,68,167.1872
16,2048,120,70,165.9681
16,2048,120,72,174.6689
16,2048,120,74,166.1885
16,2048,120,76,174.8022
16,2048,120,78,165.5204
16,2048,120,80,178.5103
16,2048,120,82,168.0169
16,2048,120,84,184.7819
16,2048,120,86,173.6863
16,2048,120,88,162.0954
16,2048,120,90,169.6684
16,2048,120,92,162.1027
16,2048,120,94,169.5367
16,2048,120,96,167.8422
16,2048,120,98,154.9847
16,2048,120,100,163.0826
16,2048,120,102,154.7216
16,2048,120,104,161.4828
16,2048,120,106,151.1693
16,2048,120,108,156.1541
16,2048,120,110,150.6855
16,2048,120,112,149.1944
16,2048,120,114,149.7249
16,2048,120,116,154.2069
16,2048,120,118,151.6109
16,2048,122,2,73.9071
16,2048,122,4,106.6486
16,2048,122,6,109.9219
16,2048,122,8,125.6926
16,2048,122,10,125.0676
16,2048,122,12,174.587
16,2048,122,14,157.5628
16,2048,122,16,166.1804
16,2048,122,18,166.4209
16,2048,122,20,157.9403
16,2048,122,22,162.0489
16,2048,122,24,183.3503
16,2048,122,26,174.0303
16,2048,122,28,167.7786
16,2048,122,30,169.2742
16,2048,122,32,172.0126
16,2048,122,34,160.0302
16,2048,122,36,183.2173
16,2048,122,38,174.4971
16,2048,122,40,169.3065
16,2048,122,42,173.8461
16,2048,122,44,169.1612
16,2048,122,46,165.6254
16,2048,122,48,187.6669
16,2048,122,50,180.0454
16,2048,122,52,174.4525
16,2048,122,54,176.373
16,2048,122,56,171.9218
16,2048,122,58,158.1567
16,2048,122,60,167.7015
16,2048,122,62,172.9312
16,2048,122,64,166.8252
16,2048,122,66,177.7673
16,2048,122,68,159.9082
16,2048,122,70,164.5575
16,2048,122,72,171.5486
16,2048,122,74,170.5139
16,2048,122,76,164.4949
16,2048,122,78,162.1704
16,2048,122,80,161.649
16,2048,122,82,162.5578
16,2048,122,84,169.3209
16,2048,122,86,166.5929
16,2048,122,88,160.5576
16,2048,122,90,156.4158
16,2048,122,92,159.5514
16,2048,122,94,158.1775
16,2048,122,96,163.7534
16,2048,122,98,165.0571
16,2048,122,100,152.1725
16,2048,122,102,153.1997
16,2048,122,104,152.5071
16,2048,122,106,151.0345
16,2048,122,108,159.7385
16,2048,122,110,153.5294
16,2048,122,112,148.0313
16,2048,122,114,156.5707
16,2048,122,116,146.5408
16,2048,122,118,144.3368
16,2048,122,120,150.2862
16,2048,124,2,71.718
16,2048,124,4,102.8421
16,2048,124,6,108.0671
16,2048,124,8,130.7283
16,2048,124,10,123.3605
16,2048,124,12,167.7181
16,2048,124,14,165.8517
16,2048,124,16,172.2585
16,2048,124,18,160.1545
16,2048,124,20,155.5732
16,2048,124,22,156.7329
16,2048,124,24,181.8382
16,2048,124,26,172.2547
16,2048,124,28,175.6537
16,2048,124,30,169.0382
16,2048,124,32,179.1056
16,2048,124,34,167.3876
16,2048,124,36,185.0548
16,2048,124,38,172.3276
16,2048,124,40,174.6027
16,2048,124,42,173.6456
16,2048,124,44,172.0589
16,2048,124,46,155.5137
16,2048,124,48,177.9667
16,2048,124,50,172.1036
16,2048,124,52,169.0744
16,2048,124,54,167.5564
16,2048,124,56,173.1838
16,2048,124,58,157.8459
16,2048,124,60,169.8649
16,2048,124,62,169.8369
16,2048,124,64,176.8061
16,2048,124,66,162.317
16,2048,124,68,168.943
16,2048,124,70,164.3709
16,2048,124,72,169.6568
16,2048,124,74,170.5709
16,2048,124,76,173.2256
16,2048,124,78,163.3918
16,2048,124,80,163.2746
16,2048,124,82,160.526
16,2048,124,84,165.9459
16,2048,124,86,169.7202
16,2048,124,88,167.7463
16,2048,124,90,158.0091
16,2048,124,92,157.6187
16,2048,124,94,156.9593
16,2048,124,96,162.8246
16,2048,124,98,161.8146
16,2048,124,100,158.1052
16,2048,124,102,154.5293
16,2048,124,104,152.2034
16,2048,124,106,152.8001
16,2048,124,108,155.1826
16,2048,124,110,153.0852
16,2048,124,112,152.2279
16,2048,124,114,148.7107
16,2048,124,116,146.7902
16,2048,124,118,144.9869
16,2048,124,120,155.2289
16,2048,124,122,146.022
16,2048,126,2,71.9114
16,2048,126,4,104.4553
16,2048,126,6,107.4022
16,2048,126,8,114.8782
16,2048,126,10,122.0644
16,2048,126,12,161.9892
16,2048,126,14,157.4208
16,2048,126,16,171.9836
16,2048,126,18,154.5053
16,2048,126,20,159.4227
16,2048,126,22,152.7313
16,2048,126,24,176.7848
16,2048,126,26,172.6726
16,2048,126,28,167.6953
16,2048,126,30,162.2921
16,2048,126,32,169.2095
16,2048,126,34,164.8517
16,2048,126,36,166.2303
16,2048,126,38,173.2173
16,2048,126,40,169.0216
16,2048,126,42,175.599
16,2048,126,44,168.3231
16,2048,126,46,159.753
16,2048,126,48,171.1918
16,2048,126,50,167.6727
16,2048,126,52,162.6172
16,2048,126,54,170.5701
16,2048,126,56,163.4523
16,2048,126,58,143.5382
16,2048,126,60,171.9495
16,2048,126,62,162.253
16,2048,126,64,176.2951
16,2048,126,66,163.2883
16,2048,126,68,159.1697
16,2048,126,70,156.8858
16,2048,126,72,165.7371
16,2048,126,74,164.1631
16,2048,126,76,163.1228
16,2048,126,78,162.3685
16,2048,126,80,154.4112
16,2048,126,82,166.1847
16,2048,126,84,162.9425
16,2048,126,86,162.9345
16,2048,126,88,162.2248
16,2048,126,90,162.1843
16,2048,126,92,152.2713
16,2048,126,94,155.4104
16,2048,126,96,157.0816
16,2048,126,98,156.98
16,2048,126,100,157.872
16,2048,126,102,156.1618
16,2048,126,104,148.1752
16,2048,126,106,148.2218
16,2048,126,108,146.9468
16,2048,126,110,155.98
16,2048,126,112,148.1424
16,2048,126,114,145.9477
16,2048,126,116,144.3557
16,2048,126,118,141.2061
16,2048,126,120,143.532
16,2048,126,122,141.2114
16,2048,126,124,144.2876
16,2048,128,2,73.5817
16,2048,128,4,105.6691
16,2048,128,6,110.8272
16,2048,128,8,123.9769
16,2048,128,10,122.867
16,2048,128,12,157.0215
16,2048,128,14,160.5984
16,2048,128,16,166.8122
16,2048,128,18,151.4756
16,2048,128,20,156.7055
16,2048,128,22,149.8098
16,2048,128,24,178.5312
16,2048,128,26,180.6926
16,2048,128,28,171.0508
16,2048,128,30,172.5929
16,2048,128,32,169.1027
16,2048,128,34,164.8952
16,2048,128,36,176.5737
16,2048,128,38,172.7391
16,2048,128,40,170.2931
16,2048,128,42,164.8708
16,2048,128,44,168.1001
16,2048,128,46,165.3559
16,2048,128,48,175.8961
16,2048,128,50,169.9904
16,2048,128,52,169.5761
16,2048,128,54,174.6807
16,2048,128,56,160.1908
16,2048,128,58,159.6813
16,2048,128,60,162.991
16,2048,128,62,162.3177
16,2048,128,64,172.3444
16,2048,128,66,161.7394
16,2048,128,68,164.4152
16,2048,128,70,160.2049
16,2048,128,72,163.1107
16,2048,128,74,164.0161
16,2048,128,76,175.0486
16,2048,128,78,173.7999
16,2048,128,80,172.9615
16,2048,128,82,157.6593
16,2048,128,84,161.6116
16,2048,128,86,160.0677
16,2048,128,88,164.5631
16,2048,128,90,155.706
16,2048,128,92,158.1034
16,2048,128,94,152.6396
16,2048,128,96,161.7538
16,2048,128,98,155.1699
16,2048,128,100,164.5964
16,2048,128,102,152.2692
16,2048,128,104,158.0087
16,2048,128,106,148.7914
16,2048,128,108,159.2897
16,2048,128,110,149.5113
16,2048,128,112,146.8172
16,2048,128,114,148.9059
16,2048,128,116,147.1965
16,2048,128,118,148.4039
16,2048,128,120,143.6274
16,2048,128,122,143.2482
16,2048,128,124,150.9965
16,2048,128,126,147.4482
16,2048,130,2,73.7054
16,2048,130,4,103.6811
16,2048,130,6,109.7449
16,2048,130,8,119.1152
16,2048,130,10,122.6715
16,2048,130,12,169.3554
16,2048,130,14,156.04
16,2048,130,16,159.7017
16,2048,130,18,152.5898
16,2048,130,20,154.2468
16,2048,130,22,151.6307
16,2048,130,24,180.7658
16,2048,130,26,176.7354
16,2048,130,28,167.1342
16,2048,130,30,167.5431
16,2048,130,32,160.912
16,2048,130,34,170.1787
16,2048,130,36,176.1659
16,2048,130,38,182.8198
16,2048,130,40,168.8358
16,2048,130,42,165.7419
16,2048,130,44,170.8951
16,2048,130,46,172.9729
16,2048,130,48,169.4565
16,2048,130,50,176.9228
16,2048,130,52,183.0584
16,2048,130,54,159.6698
16,2048,130,56,162.4307
16,2048,130,58,165.5542
16,2048,130,60,165.0075
16,2048,130,62,158.9499
16,2048,130,64,168.0578
16,2048,130,66,161.4352
16,2048,130,68,163.3628
16,2048,130,70,161.4289
16,2048,130,72,165.7348
16,2048,130,74,161.6251
16,2048,130,76,170.1182
16,2048,130,78,162.4483
16,2048,130,80,161.3409
16,2048,130,82,163.7288
16,2048,130,84,161.1752
16,2048,130,86,160.508
16,2048,130,88,161.1669
16,2048,130,90,156.4215
16,2048,130,92,166.0562
16,2048,130,94,157.1209
16,2048,130,96,168.5201
16,2048,130,98,159.936
16,2048,130,100,155.334
16,2048,130,102,146.5247
16,2048,130,104,156.8981
16,2048,130,106,152.3857
16,2048,130,108,154.3524
16,2048,130,110,156.7041
16,2048,130,112,150.1053
16,2048,130,114,147.3968
16,2048,130,116,141.4672
16,2048,130,118,144.1267
16,2048,130,120,142.5306
16,2048,130,122,147.6959
16,2048,130,124,142.8358
16,2048,130,126,141.5491
16,2048,130,128,138.4727
16,2048,132,2,76.3903
16,2048,132,4,107.7619
16,2048,132,6,118.4227
16,2048,132,8,129.6322
16,2048,132,10,128.9517
16,2048,132,12,180.5747
16,2048,132,14,162.2155
16,2048,132,16,164.8228
16,2048,132,18,169.9481
16,2048,132,20,162.9904
16,2048,132,22,158.8152
16,2048,132,24,191.1578
16,2048,132,26,180.2107
16,2048,132,28,179.2271
16,2048,132,30,174.1499
16,2048,132,32,170.7143
16,2048,132,34,169.9089
16,2048,132,36,200.5252
16,2048,132,38,181.5855
16,2048,132,40,196.5471
16,2048,132,42,172.6391
16,2048,132,44,181.2534
16,2048,132,46,174.0644
16,2048,132,48,199.2802
16,2048,132,50,187.1791
16,2048,132,52,178.7838
16,2048,132,54,174.5554
16,2048,132,56,178.403
16,2048,132,58,167.0531
16,2048,132,60,188.5713
16,2048,132,62,167.1058
16,2048,132,64,167.2002
16,2048,132,66,168.4086
16,2048,132,68,170.2653
16,2048,132,70,170.4899
16,2048,132,72,176.1963
16,2048,132,74,164.742
16,2048,132,76,169.2562
16,2048,132,78,156.0008
16,2048,132,80,168.2163
16,2048,132,82,175.5712
16,2048,132,84,160.798
16,2048,132,86,172.3103
16,2048,132,88,171.205
16,2048,132,90,166.2465
16,2048,132,92,163.6915
16,2048,132,94,162.212
16,2048,132,96,168.5779
16,2048,132,98,162.4009
16,2048,132,100,160.7158
16,2048,132,102,161.2104
16,2048,132,104,169.2595
16,2048,132,106,158.7302
16,2048,132,108,165.7253
16,2048,132,110,154.5155
16,2048,132,112,155.1718
16,2048,132,114,153.71
16,2048,132,116,148.8216
16,2048,132,118,149.1507
16,2048,132,120,155.1471
16,2048,132,122,158.6806
16,2048,132,124,157.1569
16,2048,132,126,145.3055
16,2048,132,128,145.793
16,2048,132,130,143.6018
16,2048,134,2,73.1224
16,2048,134,4,103.9768
16,2048,134,6,103.5877
16,2048,134,8,124.1242
16,2048,134,10,124.7358
16,2048,134,12,165.977
16,2048,134,14,166.2285
16,2048,134,16,160.7477
16,2048,134,18,155.3231
16,2048,134,20,157.8672
16,2048,134,22,150.2213
16,2048,134,24,193.7894
16,2048,134,26,175.3693
16,2048,134,28,179.781
16,2048,134,30,180.5734
16,2048,134,32,164.918
16,2048,134,34,164.9989
16,2048,134,36,183.5826
16,2048,134,38,181.0208
16,2048,134,40,174.1754
16,2048,134,42,167.6242
16,2048,134,44,166.5359
16,2048,134,46,166.775
16,2048,134,48,174.3187
16,2048,134,50,170.1335
16,2048,134,52,171.3457
16,2048,134,54,167.8363
16,2048,134,56,169.9081
16,2048,134,58,168.0688
16,2048,134,60,179.0247
16,2048,134,62,176.9753
16,2048,134,64,162.6822
16,2048,134,66,157.9725
16,2048,134,68,162.5749
16,2048,134,70,163.0882
16,2048,134,72,170.0862
16,2048,134,74,172.8583
16,2048,134,76,165.6881
16,2048,134,78,160.2813
16,2048,134,80,160.8526
16,2048,134,82,159.6631
16,2048,134,84,165.9557
16,2048,134,86,175.8161
16,2048,134,88,158.6563
16,2048,134,90,161.6526
16,2048,134,92,161.5532
16,2048,134,94,156.581
16,2048,134,96,162.4057
16,2048,134,98,163.3077
16,2048,134,100,155.1179
16,2048,134,102,157.2257
16,2048,134,104,154.1366
16,2048,134,106,159.7208
16,2048,134,108,166.3337
16,2048,134,110,156.3314
16,2048,134,112,148.9981
16,2048,134,114,146.9792
16,2048,134,116,147.0491
16,2048,134,118,145.738
16,2048,134,120,144.8806
16,2048,134,122,146.6674
16,2048,134,124,146.4777
16,2048,134,126,149.3493
16,2048,134,128,135.9522
16,2048,134,130,136.2634
16,2048,134,132,140.774
16,2048,136,2,71.7969
16,2048,136,4,101.7237
16,2048,136,6,108.6024
16,2048,136,8,125.2992
16,2048,136,10,124.0599
16,2048,136,12,171.2678
16,2048,136,14,157.7332
16,2048,136,16,161.0612
16,2048,136,18,142.9867
16,2048,136,20,156.1775
16,2048,136,22,148.0978
16,2048,136,24,200.8912
16,2048,136,26,177.0236
16,2048,136,28,183.3821
16,2048,136,30,168.1163
16,2048,136,32,166.7063
16,2048,136,34,161.7529
16,2048,136,36,183.6194
16,2048,136,38,173.623
16,2048,136,40,178.0583
16,2048,136,42,165.8539
16,2048,136,44,167.7207
16,2048,136,46,165.344
16,2048,136,48,190.6737
16,2048,136,50,175.3571
16,2048,136,52,178.043
16,2048,136,54,165.7116
16,2048,136,56,178.2243
16,2048,136,58,157.2642
16,2048,136,60,170.0963
16,2048,136,62,167.116
16,2048,136,64,174.5641
16,2048,136,66,161.1073
16,2048,136,68,164.1958
16,2048,136,70,159.4333
16,2048,136,72,168.8888
16,2048,136,74,161.3303
16,2048,136,76,169.6181
16,2048,136,78,162.6278
16,2048,136,80,162.9387
16,2048,136,82,171.0975
16,2048,136,84,166.063
16,2048,136,86,165.8862
16,2048,136,88,169.9934
16,2048,136,90,168.2972
16,2048,136,92,169.2083
16,2048,136,94,154.779
16,2048,136,96,162.9669
16,2048,136,98,153.4412
16,2048,136,100,160.3197
16,2048,136,102,152.9879
16,2048,136,104,157.3609
16,2048,136,106,152.6039
16,2048,136,108,157.0542
16,2048,136,110,153.0239
16,2048,136,112,154.7194
16,2048,136,114,144.3471
16,2048,136,116,144.9915
16,2048,136,118,146.0383
16,2048,136,120,146.5852
16,2048,136,122,145.0414
16,2048,136,124,148.3364
16,2048,136,126,140.9155
16,2048,136,128,139.8321
16,2048,136,130,136.7238
16,2048,136,132,139.7481
16,2048,136,134,140.9369
16,2048,138,2,74.6373
16,2048,138,4,104.4232
16,2048,138,6,111.6174
16,2048,138,8,125.1898
16,2048,138,10,126.4041
16,2048,138,12,167.831
16,2048,138,14,162.9739
16,2048,138,16,162.4309
16,2048,138,18,158.5894
16,2048,138,20,164.4011
16,2048,138,22,150.6147
16,2048,138,24,181.48
16,2048,138,26,185.7526
16,2048,138,28,186.446
16,2048,138,30,165.3479
16,2048,138,32,167.4224
16,2048,138,34,169.8432
16,2048,138,36,183.8133
16,2048,138,38,188.5794
16,2048,138,40,174.9176
16,2048,138,42,169.3876
16,2048,138,44,168.7035
16,2048,138,46,166.3371
16,2048,138,48,179.3386
16,2048,138,50,173.7593
16,2048,138,52,171.3301
16,2048,138,54,169.5329
16,2048,138,56,165.1773
16,2048,138,58,160.7871
16,2048,138,60,171.4087
16,2048,138,62,174.4555
16,2048,138,64,167.8851
16,2048,138,66,158.606
16,2048,138,68,160.7608
16,2048,138,70,160.8706
16,2048,138,72,166.8945
16,2048,138,74,163.8417
16,2048,138,76,167.048
16,2048,138,78,170.8377
16,2048,138,80,163.2795
16,2048,138,82,159.1298
16,2048,138,84,172.9188
16,2048,138,86,166.2781
16,2048,138,88,168.6988
16,2048,138,90,162.6054
16,2048,138,92,159.5076
16,2048,138,94,155.8593
16,2048,138,96,151.1872
16,2048,138,98,158.8176
16,2048,138,100,168.8032
16,2048,138,102,167.5606
16,2048,138,104,158.7552
16,2048,138,106,161.285
16,2048,138,108,155.5511
16,2048,138,110,153.5685
16,2048,138,112,152.7278
16,2048,138,114,148.718
16,2048,138,116,155.6001
16,2048,138,118,145.8294
16,2048,138,120,146.9408
16,2048,138,122,148.0397
16,2048,138,124,139.0901
16,2048,138,126,156.6887
16,2048,138,128,140.5494
16,2048,138,130,137.9759
16,2048,138,132,147.8043
16,2048,138,134,139.6951
16,2048,138,136,141.1785
16,2048,140,2,73.897
16,2048,140,4,106.386
16,2048,140,6,113.6034
16,2048,140,8,125.2835
16,2048,140,10,125.4491
16,2048,140,12,167.6935
16,2048,140,14,161.4614
16,2048,140,16,173.7538
16,2048,140,18,160.5029
16,2048,140,20,157.2112
16,2048,140,22,150.7626
16,2048,140,24,182.4954
16,2048,140,26,170.1271
16,2048,140,28,175.9272
16,2048,140,30,171.8459
16,2048,140,32,169.2793
16,2048,140,34,159.9829
16,2048,140,36,180.2337
16,2048,140,38,182.021
16,2048,140,40,174.8593
16,2048,140,42,163.9735
16,2048,140,44,176.6513
16,2048,140,46,161.0922
16,2048,140,48,177.8449
16,2048,140,50,175.8644
16,2048,140,52,177.1592
16,2048,140,54,168.2841
16,2048,140,56,180.1468
16,2048,140,58,162.0471
16,2048,140,60,182.0457
16,2048,140,62,167.7406
16,2048,140,64,162.6209
16,2048,140,66,160.4855
16,2048,140,68,157.649
16,2048,140,70,168.9536
16,2048,140,72,169.9395
16,2048,140,74,164.6016
16,2048,140,76,151.4968
16,2048,140,78,163.3628
16,2048,140,80,174.5787
16,2048,140,82,157.9572
16,2048,140,84,165.316
16,2048,140,86,160.8311
16,2048,140,88,164.2338
16,2048,140,90,167.8575
16,2048,140,92,175.813
16,2048,140,94,157.7351
16,2048,140,96,160.1369
16,2048,140,98,157.0424
16,2048,140,100,161.2373
16,2048,140,102,154.2533
16,2048,140,104,156.9261
16,2048,140,106,151.9324
16,2048,140,108,157.5161
16,2048,140,110,161.6957
16,2048,140,112,154.8821
16,2048,140,114,150.2168
16,2048,140,116,158.2693
16,2048,140,118,145.7768
16,2048,140,120,148.3881
16,2048,140,122,150.9006
16,2048,140,124,146.1307
16,2048,140,126,145.6039
16,2048,140,128,151.7509
16,2048,140,130,138.5361
16,2048,140,132,140.3876
16,2048,140,134,140.638
16,2048,140,136,139.9381
16,2048,140,138,140.6724
16,2048,142,2,74.4594
16,2048,142,4,108.8403
16,2048,142,6,109.6575
16,2048,142,8,128.1566
16,2048,142,10,122.6755
16,2048,142,12,170.1339
16,2048,142,14,158.5387
16,2048,142,16,162.9925
16,2048,142,18,154.7266
16,2048,142,20,152.707
16,2048,142,22,149.4493
16,2048,142,24,178.6601
16,2048,142,26,179.7707
16,2048,142,28,171.7336
16,2048,142,30,163.4197
16,2048,142,32,166.3503
16,2048,142,34,159.8121
16,2048,142,36,177.1803
16,2048,142,38,176.9685
16,2048,142,40,168.1698
16,2048,142,42,170.1285
16,2048,142,44,162.8007
16,2048,142,46,164.4355
16,2048,142,48,173.1309
16,2048,142,50,171.0098
16,2048,142,52,176.2493
16,2048,142,54,164.2032
16,2048,142,56,163.6855
16,2048,142,58,167.8759
16,2048,142,60,167.9761
16,2048,142,62,164.9327
16,2048,142,64,162.0679
16,2048,142,66,157.674
16,2048,142,68,156.0829
16,2048,142,70,154.6042
16,2048,142,72,162.6044
16,2048,142,74,158.0437
16,2048,142,76,170.1389
16,2048,142,78,160.7898
16,2048,142,80,162.0212
16,2048,142,82,160.2978
16,2048,142,84,160.6744
16,2048,142,86,161.2004
16,2048,142,88,161.3345
16,2048,142,90,159.8994
16,2048,142,92,159.6985
16,2048,142,94,162.6691
16,2048,142,96,166.11
16,2048,142,98,154.5593
16,2048,142,100,155.7031
16,2048,142,102,155.1818
16,2048,142,104,154.2351
16,2048,142,106,154.186
16,2048,142,108,152.3997
16,2048,142,110,151.3342
16,2048,142,112,150.9678
16,2048,142,114,149.4953
16,2048,142,116,149.4558
16,2048,142,118,148.9421
16,2048,142,120,145.7821
16,2048,142,122,153.1854
16,2048,142,124,150.3052
16,2048,142,126,146.3802
16,2048,142,128,141.2562
16,2048,142,130,139.6437
16,2048,142,132,137.4608
16,2048,142,134,132.3979
16,2048,142,136,135.5095
16,2048,142,138,136.4884
16,2048,142,140,136.601
16,2048,144,2,75.4758
16,2048,144,4,105.5037
16,2048,144,6,115.3389
16,2048,144,8,130.8319
16,2048,144,10,135.8735
16,2048,144,12,180.3021
16,2048,144,14,164.1274
16,2048,144,16,182.6055
16,2048,144,18,160.6746
16,2048,144,20,164.4968
16,2048,144,22,161.6506
16,2048,144,24,208.8947
16,2048,144,26,184.2979
16,2048,144,28,180.371
16,2048,144,30,193.24
16,2048,144,32,173.6662
16,2048,144,34,159.4316
16,2048,144,36,207.7689
16,2048,144,38,193.4475
16,2048,144,40,190.7696
16,2048,144,42,180.3464
16,2048,144,44,169.798
16,2048,144,46,166.6288
16,2048,144,48,184.8421
16,2048,144,50,177.1462
16,2048,144,52,173.3924
16,2048,144,54,176.2753
16,2048,144,56,172.7589
16,2048,144,58,166.1088
16,2048,144,60,190.0027
16,2048,144,62,171.2169
16,2048,144,64,178.1349
16,2048,144,66,167.5395
16,2048,144,68,160.3562
16,2048,144,70,163.5084
16,2048,144,72,170.1132
16,2048,144,74,171.8315
16,2048,144,76,167.5903
16,2048,144,78,171.5703
16,2048,144,80,174.354
16,2048,144,82,162.6664
16,2048,144,84,171.5386
16,2048,144,86,163.3406
16,2048,144,88,166.0879
16,2048,144,90,165.3451
16,2048,144,92,164.8335
16,2048,144,94,162.5981
16,2048,144,96,170.169
16,2048,144,98,172.2861
16,2048,144,100,171.5606
16,2048,144,102,158.4528
16,2048,144,104,161.2672
16,2048,144,106,157.9207
16,2048,144,108,164.5493
16,2048,144,110,153.8292
16,2048,144,112,154.8124
16,2048,144,114,153.3436
16,2048,144,116,161.0707
16,2048,144,118,150.3597
16,2048,144,120,165.9915
16,2048,144,122,152.962
16,2048,144,124,147.4452
16,2048,144,126,144.8279
16,2048,144,128,146.7026
16,2048,144,130,143.4982
16,2048,144,132,149.4356
16,2048,144,134,141.1348
16,2048,144,136,146.1939
16,2048,144,138,137.0544
16,2048,144,140,147.6719
16,2048,144,142,144.5577
16,2048,146,2,75.141
16,2048,146,4,103.2186
16,2048,146,6,109.6952
16,2048,146,8,127.7733
16,2048,146,10,129.676
16,2048,146,12,170.825
16,2048,146,14,156.0879
16,2048,146,16,163.7908
16,2048,146,18,153.3977
16,2048,146,20,154.9315
16,2048,146,22,152.9939
16,2048,146,24,185.8949
16,2048,146,26,163.1735
16,2048,146,28,174.8185
16,2048,146,30,179.2104
16,2048,146,32,166.0121
16,2048,146,34,163.6837
16,2048,146,36,179.7747
16,2048,146,38,179.8188
16,2048,146,40,177.5882
16,2048,146,42,177.4506
16,2048,146,44,167.0485
16,2048,146,46,169.5789
16,2048,146,48,177.0681
16,2048,146,50,179.0085
16,2048,146,52,169.5916
16,2048,146,54,172.1961
16,2048,146,56,163.5796
16,2048,146,58,170.1255
16,2048,146,60,168.4834
16,2048,146,62,164.4149
16,2048,146,64,160.4129
16,2048,146,66,170.9094
16,2048,146,68,158.9119
16,2048,146,70,144.6874
16,2048,146,72,173.3525
16,2048,146,74,175.2453
16,2048,146,76,161.6043
16,2048,146,78,167.4675
16,2048,146,80,157.6146
16,2048,146,82,160.6097
16,2048,146,84,163.3801
16,2048,146,86,173.8032
16,2048,146,88,164.2714
16,2048,146,90,166.2872
16,2048,146,92,157.0887
16,2048,146,94,156.8486
16,2048,146,96,170.7147
16,2048,146,98,158.9517
16,2048,146,100,148.0616
16,2048,146,102,152.4912
16,2048,146,104,149.3854
16,2048,146,106,152.4662
16,2048,146,108,154.6346
16,2048,146,110,159.0387
16,2048,146,112,151.3549
16,2048,146,114,148.815
16,2048,146,116,147.0425
16,2048,146,118,154.3556
16,2048,146,120,152.6075
16,2048,146,122,151.04
16,2048,146,124,145.5679
16,2048,146,126,145.3433
16,2048,146,128,142.707
16,2048,146,130,141.6644
16,2048,146,132,139.4755
16,2048,146,134,142.8738
16,2048,146,136,137.6794
16,2048,146,138,136.2332
16,2048,146,140,135.896
16,2048,146,142,131.1987
16,2048,146,144,134.6776
16,2048,148,2,74.3369
16,2048,148,4,110.5622
16,2048,148,6,112.0397
16,2048,148,8,127.5511
16,2048,148,10,126.1435
16,2048,148,12,169.7663
16,2048,148,14,161.2816
16,2048,148,16,167.4842
16,2048,148,18,157.2911
16,2048,148,20,156.6896
16,2048,148,22,162.2912
16,2048,148,24,192.0236
16,2048,148,26,178.8308
16,2048,148,28,175.7232
16,2048,148,30,174.4909
16,2048,148,32,170.2314
16,2048,148,34,176.0698
16,2048,148,36,185.925
16,2048,148,38,184.559
16,2048,148,40,182.18
16,2048,148,42,171.5271
16,2048,148,44,168.6869
16,2048,148,46,167.6976
16,2048,148,48,179.698
16,2048,148,50,187.6993
16,2048,148,52,179.5397
16,2048,148,54,188.1408
16,2048,148,56,174.7686
16,2048,148,58,175.1855
16,2048,148,60,179.1146
16,2048,148,62,173.7901
16,2048,148,64,168.1487
16,2048,148,66,165.9245
16,2048,148,68,154.9541
16,2048,148,70,163.9094
16,2048,148,72,166.0772
16,2048,148,74,168.4998
16,2048,148,76,180.8622
16,2048,148,78,167.0063
16,2048,148,80,174.3559
16,2048,148,82,166.266
16,2048,148,84,159.7652
16,2048,148,86,165.3658
16,2048,148,88,168.7581
16,2048,148,90,149.1827
16,2048,148,92,164.5097
16,2048,148,94,159.6862
16,2048,148,96,167.9186
16,2048,148,98,171.6576
16,2048,148,100,163.7708
16,2048,148,102,163.4822
16,2048,148,104,164.137
16,2048,148,106,158.2429
16,2048,148,108,158.6357
16,2048,148,110,169.3264
16,2048,148,112,166.0143
16,2048,148,114,153.2685
16,2048,148,116,154.4621
16,2048,148,118,150.1528
16,2048,148,120,155.9681
16,2048,148,122,154.5772
16,2048,148,124,148.6561
16,2048,148,126,142.0225
16,2048,148,128,154.1492
16,2048,148,130,141.543
16,2048,148,132,145.7272
16,2048,148,134,147.0119
16,2048,148,136,146.1506
16,2048,148,138,141.085
16,2048,148,140,139.7947
16,2048,148,142,140.1116
16,2048,148,144,144.9767
16,2048,148,146,139.7653
16,2048,150,2,74.2872
16,2048,150,4,104.3596
16,2048,150,6,110.1674
16,2048,150,8,121.0408
16,2048,150,10,125.44
16,2048,150,12,167.451
16,2048,150,14,158.5972
16,2048,150,16,161.8298
16,2048,150,18,156.8075
16,2048,150,20,158.2368
16,2048,150,22,149.9127
16,2048,150,24,181.9517
16,2048,150,26,185.3056
16,2048,150,28,173.2402
16,2048,150,30,170.9262
16,2048,150,32,166.0166
16,2048,150,34,165.3188
16,2048,150,36,182.7964
16,2048,150,38,175.2388
16,2048,150,40,174.1751
16,2048,150,42,189.6116
16,2048,150,44,179.2419
16,2048,150,46,163.8766
16,2048,150,48,184.6385
16,2048,150,50,174.1504
16,2048,150,52,171.7532
16,2048,150,54,177.7614
16,2048,150,56,168.7826
16,2048,150,58,162.2632
16,2048,150,60,168.1641
16,2048,150,62,171.2333
16,2048,150,64,172.5988
16,2048,150,66,158.6376
16,2048,150,68,166.0168
16,2048,150,70,157.4765
16,2048,150,72,171.3745
16,2048,150,74,163.2673
16,2048,150,76,164.8383
16,2048,150,78,161.723
16,2048,150,80,158.5978
16,2048,150,82,160.4845
16,2048,150,84,174.378
16,2048,150,86,163.2106
16,2048,150,88,162.1283
16,2048,150,90,163.2248
16,2048,150,92,155.7083
16,2048,150,94,154.4533
16,2048,150,96,159.0823
16,2048,150,98,163.4436
16,2048,150,100,157.6356
16,2048,150,102,157.4488
16,2048,150,104,151.0909
16,2048,150,106,152.6413
16,2048,150,108,153.9574
16,2048,150,110,153.676
16,2048,150,112,160.8374
16,2048,150,114,155.4612
16,2048,150,116,147.7286
16,2048,150,118,148.4231
16,2048,150,120,151.6175
16,2048,150,122,149.7257
16,2048,150,124,145.8597
16,2048,150,126,147.7074
16,2048,150,128,136.6837
16,2048,150,130,147.222
16,2048,150,132,141.4861
16,2048,150,134,150.0738
16,2048,150,136,133.0511
16,2048,150,138,147.9194
16,2048,150,140,139.7118
16,2048,150,142,135.6317
16,2048,150,144,137.8803
16,2048,150,146,136.61
16,2048,150,148,136.4905
16,2048,152,2,76.4747
16,2048,152,4,105.7074
16,2048,152,6,112.5367
16,2048,152,8,128.8909
16,2048,152,10,125.9865
16,2048,152,12,179.2922
16,2048,152,14,164.5937
16,2048,152,16,163.0701
16,2048,152,18,154.6435
16,2048,152,20,161.5549
16,2048,152,22,155.4681
16,2048,152,24,181.7614
16,2048,152,26,181.7296
16,2048,152,28,179.1019
16,2048,152,30,170.7558
16,2048,152,32,171.3145
16,2048,152,34,165.0288
16,2048,152,36,182.9629
16,2048,152,38,179.4451
16,2048,152,40,179.668
16,2048,152,42,174.7684
16,2048,152,44,171.0123
16,2048,152,46,162.6658
16,2048,152,48,180.195
16,2048,152,50,175.8876
16,2048,152,52,187.8596
16,2048,152,54,178.5809
16,2048,152,56,178.9855
16,2048,152,58,166.0852
16,2048,152,60,173.3046
16,2048,152,62,165.9006
16,2048,152,64,170.1529
16,2048,152,66,162.5862
16,2048,152,68,161.8501
16,2048,152,70,159.8309
16,2048,152,72,165.7022
16,2048,152,74,169.1222
16,2048,152,76,166.2154
16,2048,152,78,165.8902
16,2048,152,80,165.0752
16,2048,152,82,160.1958
16,2048,152,84,162.9644
16,2048,152,86,162.6901
16,2048,152,88,169.6857
16,2048,152,90,168.4887
16,2048,152,92,161.883
16,2048,152,94,157.4254
16,2048,152,96,160.5754
16,2048,152,98,161.9691
16,2048,152,100,159.9277
16,2048,152,102,161.885
16,2048,152,104,160.1456
16,2048,152,106,152.7602
16,2048,152,108,157.9621
16,2048,152,110,156.8946
16,2048,152,112,155.4628
16,2048,152,114,157.7558
16,2048,152,116,155.7646
16,2048,152,118,150.9839
16,2048,152,120,158.7747
16,2048,152,122,147.6673
16,2048,152,124,150.4815
16,2048,152,126,148.2868
16,2048,152,128,150.4506
16,2048,152,130,140.9762
16,2048,152,132,146.3308
16,2048,152,134,146.5361
16,2048,152,136,140.8702
16,2048,152,138,146.9077
16,2048,152,140,147.56
16,2048,152,142,142.1184
16,2048,152,144,140.9626
16,2048,152,146,136.678
16,2048,152,148,141.565
16,2048,152,150,133.8033
16,2048,154,2,72.6594
16,2048,154,4,106.9595
16,2048,154,6,109.3609
16,2048,154,8,123.4319
16,2048,154,10,128.3742
16,2048,154,12,164.3185
16,2048,154,14,159.5417
16,2048,154,16,166.0494
16,2048,154,18,152.9934
16,2048,154,20,156.2106
16,2048,154,22,148.6341
16,2048,154,24,180.9694
16,2048,154,26,177.5251
16,2048,154,28,183.4803
16,2048,154,30,164.0142
16,2048,154,32,174.4407
16,2048,154,34,159.4929
16,2048,154,36,187.3502
16,2048,154,38,172.3048
16,2048,154,40,180.6658
16,2048,154,42,166.5432
16,2048,154,44,168.6607
16,2048,154,46,169.0428
16,2048,154,48,167.4323
16,2048,154,50,167.7732
16,2048,154,52,172.5449
16,2048,154,54,162.7061
16,2048,154,56,163.0209
16,2048,154,58,166.348
16,2048,154,60,172.9017
16,2048,154,62,166.1995
16,2048,154,64,162.1049
16,2048,154,66,155.7401
16,2048,154,68,160.0685
16,2048,154,70,153.7736
16,2048,154,72,162.8914
16,2048,154,74,158.8599
16,2048,154,76,163.0364
16,2048,154,78,161.3736
16,2048,154,80,161.9179
16,2048,154,82,166.6399
16,2048,154,84,156.8041
16,2048,154,86,157.5055
16,2048,154,88,158.0853
16,2048,154,90,159.3859
16,2048,154,92,157.8168
16,2048,154,94,159.5479
16,2048,154,96,153.7056
16,2048,154,98,156.3238
16,2048,154,100,156.8229
16,2048,154,102,163.8859
16,2048,154,104,156.8788
16,2048,154,106,155.6779
16,2048,154,108,148.4752
16,2048,154,110,150.3131
16,2048,154,112,151.0656
16,2048,154,114,155.3351
16,2048,154,116,148.4153
16,2048,154,118,154.3596
16,2048,154,120,144.8004
16,2048,154,122,144.5993
16,2048,154,124,145.0649
16,2048,154,126,141.03
16,2048,154,128,142.2044
16,2048,154,130,151.4529
16,2048,154,132,137.9266
16,2048,154,134,140.1225
16,2048,154,136,140.3465
16,2048,154,138,138.7568
16,2048,154,140,137.7112
16,2048,154,142,134.6894
16,2048,154,144,133.3562
16,2048,154,146,132.8448
16,2048,154,148,131.3082
16,2048,154,150,132.9202
16,2048,154,152,129.8876
16,2048,156,2,76.0194
16,2048,156,4,107.317
16,2048,156,6,115.6518
16,2048,156,8,130.0505
16,2048,156,10,126.7442
16,2048,156,12,178.5757
16,2048,156,14,164.9985
16,2048,156,16,179.3021
16,2048,156,18,173.5388
16,2048,156,20,164.8438
16,2048,156,22,160.9428
16,2048,156,24,193.4213
16,2048,156,26,190.5326
16,2048,156,28,180.4043
16,2048,156,30,175.6614
16,2048,156,32,175.5888
16,2048,156,34,174.4931
16,2048,156,36,202.402
16,2048,156,38,178.9909
16,2048,156,40,182.8895
16,2048,156,42,175.0649
16,2048,156,44,187.0529
16,2048,156,46,165.1929
16,2048,156,48,196.2325
16,2048,156,50,181.9023
16,2048,156,52,178.9713
16,2048,156,54,175.436
16,2048,156,56,178.6767
16,2048,156,58,165.7984
16,2048,156,60,181.495
16,2048,156,62,175.6774
16,2048,156,64,171.3786
16,2048,156,66,170.5727
16,2048,156,68,163.0492
16,2048,156,70,160.7945
16,2048,156,72,175.3311
16,2048,156,74,164.8202
16,2048,156,76,174.6839
16,2048,156,78,166.6282
16,2048,156,80,164.0779
16,2048,156,82,163.4598
16,2048,156,84,181.1314
16,2048,156,86,163.4864
16,2048,156,88,165.0924
16,2048,156,90,171.0271
16,2048,156,92,172.5637
16,2048,156,94,159.7672
16,2048,156,96,175.1991
16,2048,156,98,160.2621
16,2048,156,100,160.9128
16,2048,156,102,167.388
16,2048,156,104,158.3484
16,2048,156,106,158.9058
16,2048,156,108,160.9409
16,2048,156,110,157.1409
16,2048,156,112,159.6627
16,2048,156,114,164.1505
16,2048,156,116,152.2613
16,2048,156,118,159.5865
16,2048,156,120,155.1172
16,2048,156,122,151.5521
16,2048,156,124,152.9096
16,2048,156,126,143.4642
16,2048,156,128,149.3992
16,2048,156,130,143.8182
16,2048,156,132,154.8651
16,2048,156,134,148.0874
16,2048,156,136,143.11
16,2048,156,138,144.241
16,2048,156,140,137.1661
16,2048,156,142,140.3594
16,2048,156,144,144.5347
16,2048,156,146,138.7577
16,2048,156,148,143.8358
16,2048,156,150,135.8037
16,2048,156,152,135.9066
16,2048,156,154,133.9403
16,2048,158,2,77.3046
16,2048,158,4,106.9287
16,2048,158,6,116.29
16,2048,158,8,126.2224
16,2048,158,10,125.7831
16,2048,158,12,172.7236
16,2048,158,14,164.6399
16,2048,158,16,169.3842
16,2048,158,18,161.8817
16,2048,158,20,163.5551
16,2048,158,22,152.926
16,2048,158,24,184.7132
16,2048,158,26,185.692
16,2048,158,28,184.5214
16,2048,158,30,170.6973
16,2048,158,32,174.4634
16,2048,158,34,165.2655
16,2048,158,36,184.2392
16,2048,158,38,175.895
16,2048,158,40,181.8069
16,2048,158,42,184.7327
16,2048,158,44,176.3912
16,2048,158,46,174.617
16,2048,158,48,181.4974
16,2048,158,50,183.8314
16,2048,158,52,187.6485
16,2048,158,54,169.1748
16,2048,158,56,174.1976
16,2048,158,58,163.8924
16,2048,158,60,173.9695
16,2048,158,62,170.752
16,2048,158,64,167.9141
16,2048,158,66,172.3366
16,2048,158,68,160.274
16,2048,158,70,170.0588
16,2048,158,72,164.2032
16,2048,158,74,161.8476
16,2048,158,76,165.6097
16,2048,158,78,160.4482
16,2048,158,80,163.5474
16,2048,158,82,162.5357
16,2048,158,84,164.6431
16,2048,158,86,170.4202
16,2048,158,88,162.1277
16,2048,158,90,159.785
16,2048,158,92,168.2133
16,2048,158,94,159.7265
16,2048,158,96,164.0873
16,2048,158,98,168.3257
16,2048,158,100,167.5647
16,2048,158,102,162.1243
16,2048,158,104,161.3601
16,2048,158,106,157.6893
16,2048,158,108,159.4532
16,2048,158,110,157.9827
16,2048,158,112,162.5901
16,2048,158,114,152.3235
16,2048,158,116,154.3167
16,2048,158,118,152.8813
16,2048,158,120,156.4323
16,2048,158,122,163.2334
16,2048,158,124,146.8182
16,2048,158,126,149.4514
16,2048,158,128,148.0623
16,2048,158,130,144.9724
16,2048,158,132,154.3647
16,2048,158,134,144.8886
16,2048,158,136,142.0154
16,2048,158,138,143.8076
16,2048,158,140,140.1756
16,2048,158,142,140.3591
16,2048,158,144,137.6265
16,2048,158,146,137.9525
16,2048,158,148,134.6029
16,2048,158,150,135.4642
16,2048,158,152,136.4752
16,2048,158,154,131.9318
16,2048,158,156,131.5738
16,2048,160,2,76.3432
16,2048,160,4,108.7844
16,2048,160,6,112.6551
16,2048,160,8,123.9798
16,2048,160,10,124.4549
16,2048,160,12,171.5214
16,2048,160,14,159.9469
16,2048,160,16,167.9073
16,2048,160,18,157.6087
16,2048,160,20,160.8873
16,2048,160,22,161.6826
16,2048,160,24,202.1824
16,2048,160,26,178.6901
16,2048,160,28,182.4924
16,2048,160,30,168.7943
16,2048,160,32,171.0172
16,2048,160,34,170.7316
16,2048,160,36,181.062
16,2048,160,38,178.8511
16,2048,160,40,180.431
16,2048,160,42,173.9007
16,2048,160,44,170.5349
16,2048,160,46,163.7313
16,2048,160,48,178.5593
16,2048,160,50,169.7357
16,2048,160,52,179.3199
16,2048,160,54,167.4578
16,2048,160,56,174.8116
16,2048,160,58,163.4387
16,2048,160,60,172.1519
16,2048,160,62,170.7564
16,2048,160,64,168.8996
16,2048,160,66,164.2262
16,2048,160,68,162.2974
16,2048,160,70,162.7259
16,2048,160,72,169.6515
16,2048,160,74,163.4737
16,2048,160,76,166.9935
16,2048,160,78,169.968
16,2048,160,80,155.5234
16,2048,160,82,169.7158
16,2048,160,84,166.8476
16,2048,160,86,160.9552
16,2048,160,88,164.7178
16,2048,160,90,162.9229
16,2048,160,92,158.3834
16,2048,160,94,159.5568
16,2048,160,96,164.0404
16,2048,160,98,167.0649
16,2048,160,100,171.0208
16,2048,160,102,164.3917
16,2048,160,104,155.5737
16,2048,160,106,157.8761
16,2048,160,108,156.8902
16,2048,160,110,159.8155
16,2048,160,112,168.6548
16,2048,160,114,151.9893
16,2048,160,116,153.1038
16,2048,160,118,151.0084
16,2048,160,120,153.9369
16,2048,160,122,157.8219
16,2048,160,124,153.1376
16,2048,160,126,143.0699
16,2048,160,128,144.9124
16,2048,160,130,150.9564
16,2048,160,132,153.1204
16,2048,160,134,141.9778
16,2048,160,136,147.3368
16,2048,160,138,142.0373
16,2048,160,140,136.2291
16,2048,160,142,138.7002
16,2048,160,144,139.0761
16,2048,160,146,131.3305
16,2048,160,148,136.0686
16,2048,160,150,133.3507
16,2048,160,152,140.4433
16,2048,160,154,141.3383
16,2048,160,156,133.6065
16,2048,160,158,132.4815
16,2048,162,2,75.7776
16,2048,162,4,108.2547
16,2048,162,6,111.6365
16,2048,162,8,124.7794
16,2048,162,10,131.4176
16,2048,162,12,167.3578
16,2048,162,14,159.2197
16,2048,162,16,164.1744
16,2048,162,18,168.3409
16,2048,162,20,154.6212
16,2048,162,22,152.4351
16,2048,162,24,198.2451
16,2048,162,26,177.8558
16,2048,162,28,171.2152
16,2048,162,30,170.21
16,2048,162,32,167.2929
16,2048,162,34,165.2413
16,2048,162,36,178.4345
16,2048,162,38,171.8918
16,2048,162,40,173.5114
16,2048,162,42,173.5952
16,2048,162,44,178.7733
16,2048,162,46,176.8422
16,2048,162,48,175.1764
16,2048,162,50,174.2748
16,2048,162,52,166.1293
16,2048,162,54,174.2023
16,2048,162,56,167.2812
16,2048,162,58,165.8553
16,2048,162,60,170.0674
16,2048,162,62,164.8154
16,2048,162,64,161.7315
16,2048,162,66,162.4839
16,2048,162,68,166.5437
16,2048,162,70,167.0569
16,2048,162,72,167.1177
16,2048,162,74,163.5137
16,2048,162,76,156.9753
16,2048,162,78,163.4342
16,2048,162,80,167.589
16,2048,162,82,169.7994
16,2048,162,84,160.182
16,2048,162,86,159.0509
16,2048,162,88,159.4831
16,2048,162,90,157.0506
16,2048,162,92,161.1203
16,2048,162,94,156.2108
16,2048,162,96,157.3396
16,2048,162,98,155.2379
16,2048,162,100,160.6442
16,2048,162,102,163.5792
16,2048,162,104,152.4309
16,2048,162,106,151.3144
16,2048,162,108,157.3783
16,2048,162,110,154.6681
16,2048,162,112,154.9348
16,2048,162,114,152.7399
16,2048,162,116,147.2202
16,2048,162,118,148.2964
16,2048,162,120,150.3435
16,2048,162,122,149.1472
16,2048,162,124,150.3402
16,2048,162,126,151.817
16,2048,162,128,142.5892
16,2048,162,130,139.0774
16,2048,162,132,149.1797
16,2048,162,134,142.6247
16,2048,162,136,142.8197
16,2048,162,138,142.0895
16,2048,162,140,136.6768
16,2048,162,142,137.6929
16,2048,162,144,131.8533
16,2048,162,146,135.7533
16,2048,162,148,132.7972
16,2048,162,150,134.6524
16,2048,162,152,136.8338
16,2048,162,154,132.0751
16,2048,162,156,133.8603
16,2048,162,158,138.5684
16,2048,162,160,124.8087
16,2048,164,2,76.1838
16,2048,164,4,102.9266
16,2048,164,6,110.7133
16,2048,164,8,130.7904
16,2048,164,10,126.285
16,2048,164,12,169.0162
16,2048,164,14,155.0934
16,2048,164,16,171.8519
16,2048,164,18,152.4983
16,2048,164,20,154.1419
16,2048,164,22,150.4036
16,2048,164,24,194.3865
16,2048,164,26,177.2087
16,2048,164,28,183.6112
16,2048,164,30,167.9619
16,2048,164,32,166.5853
16,2048,164,34,160.9862
16,2048,164,36,180.2546
16,2048,164,38,175.8026
16,2048,164,40,171.363
16,2048,164,42,172.6957
16,2048,164,44,170.6842
16,2048,164,46,158.7603
16,2048,164,48,176.4966
16,2048,164,50,168.2463
16,2048,164,52,168.961
16,2048,164,54,164.249
16,2048,164,56,164.0998
16,2048,164,58,162.1344
16,2048,164,60,167.7462
16,2048,164,62,169.2807
16,2048,164,64,174.3649
16,2048,164,66,159.9314
16,2048,164,68,159.9965
16,2048,164,70,158.5145
16,2048,164,72,165.7179
16,2048,164,74,162.2375
16,2048,164,76,174.7271
16,2048,164,78,156.1231
16,2048,164,80,159.7243
16,2048,164,82,153.3057
16,2048,164,84,158.277
16,2048,164,86,160.8887
16,2048,164,88,167.7236
16,2048,164,90,159.715
16,2048,164,92,160.2876
16,2048,164,94,153.0207
16,2048,164,96,155.6095
16,2048,164,98,158.087
16,2048,164,100,159.3643
16,2048,164,102,155.9152
16,2048,164,104,158.3952
16,2048,164,106,147.8165
16,2048,164,108,153.88
16,2048,164,110,152.9499
16,2048,164,112,149.359
16,2048,164,114,148.3861
16,2048,164,116,153.8516
16,2048,164,118,151.4016
16,2048,164,120,151.7213
16,2048,164,122,147.3711
16,2048,164,124,147.2007
16,2048,164,126,149.4422
16,2048,164,128,148.7917
16,2048,164,130,135.7998
16,2048,164,132,144.6338
16,2048,164,134,144.381
16,2048,164,136,148.4851
16,2048,164,138,149.9467
16,2048,164,140,147.8546
16,2048,164,142,137.3147
16,2048,164,144,137.6412
16,2048,164,146,136.5943
16,2048,164,148,135.6795
16,2048,164,150,133.6979
16,2048,164,152,132.9702
16,2048,164,154,131.2627
16,2048,164,156,129.8347
16,2048,164,158,130.395
16,2048,164,160,129.8337
16,2048,164,162,130.9178
16,2048,166,2,76.0142
16,2048,166,4,104.6807
16,2048,166,6,109.9967
16,2048,166,8,121.8788
16,2048,166,10,121.577
16,2048,166,12,165.2543
16,2048,166,14,159.9492
16,2048,166,16,159.3431
16,2048,166,18,149.7619
16,2048,166,20,152.1028
16,2048,166,22,146.868
16,2048,166,24,177.1889
16,2048,166,26,166.5776
16,2048,166,28,176.6951
16,2048,166,30,163.164
16,2048,166,32,168.4229
16,2048,166,34,162.4084
16,2048,166,36,174.2119
16,2048,166,38,176.2378
16,2048,166,40,167.6944
16,2048,166,42,167.0861
16,2048,166,44,156.0701
16,2048,166,46,164.8049
16,2048,166,48,170.8152
16,2048,166,50,169.0337
16,2048,166,52,161.1782
16,2048,166,54,156.2292
16,2048,166,56,166.4418
16,2048,166,58,161.0948
16,2048,166,60,161.7388
16,2048,166,62,163.1749
16,2048,166,64,173.6529
16,2048,166,66,159.0254
16,2048,166,68,157.8629
16,2048,166,70,155.4682
16,2048,166,72,167.3883
16,2048,166,74,164.5553
16,2048,166,76,153.2688
16,2048,166,78,153.7465
16,2048,166,80,153.0148
16,2048,166,82,161.3211
16,2048,166,84,156.7265
16,2048,166,86,157.7809
16,2048,166,88,153.5372
16,2048,166,90,157.3926
16,2048,166,92,152.7923
16,2048,166,94,165.2095
16,2048,166,96,154.9922
16,2048,166,98,149.0386
16,2048,166,100,152.6003
16,2048,166,102,147.7429
16,2048,166,104,154.5924
16,2048,166,106,154.3684
16,2048,166,108,151.1026
16,2048,166,110,150.2084
16,2048,166,112,150.0649
16,2048,166,114,148.4871
16,2048,166,116,146.5443
16,2048,166,118,156.7775
16,2048,166,120,155.6604
16,2048,166,122,150.9965
16,2048,166,124,149.7417
16,2048,166,126,141.9647
16,2048,166,128,142.0194
16,2048,166,130,141.7362
16,2048,166,132,135.6339
16,2048,166,134,139.2
16,2048,166,136,138.0723
16,2048,166,138,139.1813
16,2048,166,140,137.0778
16,2048,166,142,137.0126
16,2048,166,144,132.904
16,2048,166,146,134.3732
16,2048,166,148,133.3074
16,2048,166,150,133.3695
16,2048,166,152,131.1198
16,2048,166,154,131.0732
16,2048,166,156,131.1608
16,2048,166,158,127.2922
16,2048,166,160,126.0063
16,2048,166,162,124.4641
16,2048,166,164,128.5062
16,2048,168,2,75.8681
16,2048,168,4,106.539
16,2048,168,6,117.1374
16,2048,168,8,125.8248
16,2048,168,10,127.3155
16,2048,168,12,180.8083
16,2048,168,14,167.7304
16,2048,168,16,162.9401
16,2048,168,18,157.8956
16,2048,168,20,167.4232
16,2048,168,22,154.5939
16,2048,168,24,192.0647
16,2048,168,26,180.1257
16,2048,168,28,178.306
16,2048,168,30,170.4192
16,2048,168,32,168.1629
16,2048,168,34,168.4206
16,2048,168,36,187.4883
16,2048,168,38,177.8981
16,2048,168,40,174.1781
16,2048,168,42,174.7163
16,2048,168,44,184.2783
16,2048,168,46,167.8849
16,2048,168,48,185.5511
16,2048,168,50,169.6224
16,2048,168,52,171.1799
16,2048,168,54,165.4074
16,2048,168,56,175.4826
16,2048,168,58,163.2307
16,2048,168,60,166.8382
16,2048,168,62,164.6444
16,2048,168,64,173.1688
16,2048,168,66,165.0252
16,2048,168,68,161.8872
16,2048,168,70,160.7031
16,2048,168,72,171.3976
16,2048,168,74,166.0626
16,2048,168,76,174.5423
16,2048,168,78,163.0412
16,2048,168,80,162.6383
16,2048,168,82,155.1634
16,2048,168,84,169.6152
16,2048,168,86,162.3989
16,2048,168,88,161.3182
16,2048,168,90,167.2313
16,2048,168,92,158.8659
16,2048,168,94,168.5389
16,2048,168,96,164.7667
16,2048,168,98,153.6936
16,2048,168,100,157.2069
16,2048,168,102,158.0339
16,2048,168,104,159.29
16,2048,168,106,162.1545
16,2048,168,108,159.213
16,2048,168,110,156.6992
16,2048,168,112,163.0147
16,2048,168,114,153.6412
16,2048,168,116,151.9588
16,2048,168,118,150.321
16,2048,168,120,158.3327
16,2048,168,122,149.7968
16,2048,168,124,148.0962
16,2048,168,126,148.43
16,2048,168,128,146.2572
16,2048,168,130,149.8728
16,2048,168,132,152.8885
16,2048,168,134,147.5698
16,2048,168,136,141.226
16,2048,168,138,151.347
16,2048,168,140,141.6462
16,2048,168,142,148.5793
16,2048,168,144,144.861
16,2048,168,146,148.7025
16,2048,168,148,137.4763
16,2048,168,150,140.5475
16,2048,168,152,135.0663
16,2048,168,154,130.612
16,2048,168,156,134.993
16,2048,168,158,131.1818
16,2048,168,160,133.2523
16,2048,168,162,127.5935
16,2048,168,164,134.9791
16,2048,168,166,128.9937
16,2048,170,2,75.6427
16,2048,170,4,103.5721
16,2048,170,6,108.0261
16,2048,170,8,124.3275
16,2048,170,10,127.777
16,2048,170,12,167.5321
16,2048,170,14,156.8215
16,2048,170,16,160.0509
16,2048,170,18,153.7712
16,2048,170,20,158.8696
16,2048,170,22,152.6306
16,2048,170,24,184.627
16,2048,170,26,178.4439
16,2048,170,28,169.7042
16,2048,170,30,167.9677
16,2048,170,32,158.8575
16,2048,170,34,160.2544
16,2048,170,36,180.9241
16,2048,170,38,176.7831
16,2048,170,40,171.2045
16,2048,170,42,171.2781
16,2048,170,44,167.5731
16,2048,170,46,161.4738
16,2048,170,48,176.5302
16,2048,170,50,169.8222
16,2048,170,52,167.3904
16,2048,170,54,166.7105
16,2048,170,56,162.5564
16,2048,170,58,161.9376
16,2048,170,60,177.8998
16,2048,170,62,164.6217
16,2048,170,64,172.624
16,2048,170,66,156.5407
16,2048,170,68,156.6472
16,2048,170,70,151.4916
16,2048,170,72,164.0161
16,2048,170,74,155.1327
16,2048,170,76,158.058
16,2048,170,78,154.4867
16,2048,170,80,155.2497
16,2048,170,82,158.469
16,2048,170,84,155.9289
16,2048,170,86,160.19
16,2048,170,88,161.3087
16,2048,170,90,156.156
16,2048,170,92,159.3602
16,2048,170,94,153.802
16,2048,170,96,161.6345
16,2048,170,98,154.3519
16,2048,170,100,146.4781
16,2048,170,102,150.3468
16,2048,170,104,152.1553
16,2048,170,106,153.7216
16,2048,170,108,150.8983
16,2048,170,110,153.0531
16,2048,170,112,148.2154
16,2048,170,114,153.1738
16,2048,170,116,155.403
16,2048,170,118,149.0411
16,2048,170,120,151.412
16,2048,170,122,145.9669
16,2048,170,124,142.9109
16,2048,170,126,144.3179
16,2048,170,128,146.3081
16,2048,170,130,141.0997
16,2048,170,132,140.2913
16,2048,170,134,143.6655
16,2048,170,136,137.2866
16,2048,170,138,140.2727
16,2048,170,140,136.2401
16,2048,170,142,141.3661
16,2048,170,144,144.1741
16,2048,170,146,145.0507
16,2048,170,148,134.4102
16,2048,170,150,132.7006
16,2048,170,152,135.1954
16,2048,170,154,132.4513
16,2048,170,156,131.1797
16,2048,170,158,130.8661
16,2048,170,160,126.0239
16,2048,170,162,126.7169
16,2048,170,164,126.6505
16,2048,170,166,125.4642
16,2048,170,168,127.3939
16,2048,172,2,76.3288
16,2048,172,4,112.5169
16,2048,172,6,111.7967
16,2048,172,8,133.2018
16,2048,172,10,130.2695
16,2048,172,12,169.0141
16,2048,172,14,160.2173
16,2048,172,16,169.5902
16,2048,172,18,153.8295
16,2048,172,20,160.0078
16,2048,172,22,159.5987
16,2048,172,24,183.4945
16,2048,172,26,178.5352
16,2048,172,28,178.1754
16,2048,172,30,168.1314
16,2048,172,32,169.1653
16,2048,172,34,161.5375
16,2048,172,36,196.6567
16,2048,172,38,175.1108
16,2048,172,40,183.2665
16,2048,172,42,181.9551
16,2048,172,44,174.766
16,2048,172,46,168.9338
16,2048,172,48,181.6323
16,2048,172,50,169.195
16,2048,172,52,173.1915
16,2048,172,54,174.4227
16,2048,172,56,166.5479
16,2048,172,58,166.6856
16,2048,172,60,174.7051
16,2048,172,62,176.9286
16,2048,172,64,170.0122
16,2048,172,66,160.7991
16,2048,172,68,164.3283
16,2048,172,70,159.6446
16,2048,172,72,166.1651
16,2048,172,74,167.1849
16,2048,172,76,157.4335
16,2048,172,78,161.6509
16,2048,172,80,158.9605
16,2048,172,82,155.4518
16,2048,172,84,164.8867
16,2048,172,86,160.2568
16,2048,172,88,178.4206
16,2048,172,90,155.061
16,2048,172,92,155.1344
16,2048,172,94,153.2046
16,2048,172,96,160.3831
16,2048,172,98,168.2514
16,2048,172,100,157.0418
16,2048,172,102,154.3272
16,2048,172,104,144.5107
16,2048,172,106,151.6669
16,2048,172,108,161.017
16,2048,172,110,155.4757
16,2048,172,112,153.9951
16,2048,172,114,153.6804
16,2048,172,116,152.4702
16,2048,172,118,140.5488
16,2048,172,120,155.83
16,2048,172,122,150.6504
16,2048,172,124,151.4356
16,2048,172,126,144.6756
16,2048,172,128,147.9387
16,2048,172,130,142.9128
16,2048,172,132,144.3203
16,2048,172,134,140.4285
16,2048,172,136,147.488
16,2048,172,138,136.9611
16,2048,172,140,143.3367
16,2048,172,142,138.224
16,2048,172,144,139.9548
16,2048,172,146,144.7814
16,2048,172,148,140.1583
16,2048,172,150,136.6648
16,2048,172,152,137.7041
16,2048,172,154,133.867
16,2048,172,156,135.4271
16,2048,172,158,131.0095
16,2048,172,160,128.7764
16,2048,172,162,125.1357
16,2048,172,164,136.656
16,2048,172,166,124.7535
16,2048,172,168,125.3989
16,2048,172,170,128.0762
16,2048,174,2,73.9582
16,2048,174,4,104.817
16,2048,174,6,108.3423
16,2048,174,8,124.8798
16,2048,174,10,129.1549
16,2048,174,12,164.8443
16,2048,174,14,160.4384
16,2048,174,16,160.7355
16,2048,174,18,156.2432
16,2048,174,20,157.4636
16,2048,174,22,147.0689
16,2048,174,24,189.1452
16,2048,174,26,173.9667
16,2048,174,28,180.258
16,2048,174,30,169.6933
16,2048,174,32,165.0823
16,2048,174,34,158.6409
16,2048,174,36,176.8247
16,2048,174,38,168.7916
16,2048,174,40,170.3493
16,2048,174,42,164.966
16,2048,174,44,167.3368
16,2048,174,46,179.6949
16,2048,174,48,173.9772
16,2048,174,50,177.0175
16,2048,174,52,174.8858
16,2048,174,54,169.2379
16,2048,174,56,160.6556
16,2048,174,58,157.1931
16,2048,174,60,167.7714
16,2048,174,62,170.6446
16,2048,174,64,163.9553
16,2048,174,66,162.1726
16,2048,174,68,164.7863
16,2048,174,70,154.3437
16,2048,174,72,169.9894
16,2048,174,74,160.4439
16,2048,174,76,159.7403
16,2048,174,78,161.1032
16,2048,174,80,155.0551
16,2048,174,82,150.1167
16,2048,174,84,157.8747
16,2048,174,86,158.6962
16,2048,174,88,158.3763
16,2048,174,90,162.5333
16,2048,174,92,153.7583
16,2048,174,94,148.8293
16,2048,174,96,156.6154
16,2048,174,98,153.3679
16,2048,174,100,162.0532
16,2048,174,102,157.9651
16,2048,174,104,149.049
16,2048,174,106,152.7379
16,2048,174,108,155.9824
16,2048,174,110,160.066
16,2048,174,112,151.6239
16,2048,174,114,158.7525
16,2048,174,116,155.7739
16,2048,174,118,148.8955
16,2048,174,120,149.3032
16,2048,174,122,143.9202
16,2048,174,124,145.3889
16,2048,174,126,146.0542
16,2048,174,128,142.2543
16,2048,174,130,139.5567
16,2048,174,132,143.4508
16,2048,174,134,140.5015
16,2048,174,136,141.8171
16,2048,174,138,138.8537
16,2048,174,140,137.6365
16,2048,174,142,137.0914
16,2048,174,144,137.3565
16,2048,174,146,137.7843
16,2048,174,148,142.0437
16,2048,174,150,133.0132
16,2048,174,152,130.1954
16,2048,174,154,129.9008
16,2048,174,156,132.1043
16,2048,174,158,130.4314
16,2048,174,160,127.252
16,2048,174,162,130.9557
16,2048,174,164,125.1875
16,2048,174,166,129.425
16,2048,174,168,126.4298
16,2048,174,170,125.016
16,2048,174,172,125.8589
16,2048,176,2,75.7376
16,2048,176,4,103.6676
16,2048,176,6,110.582
16,2048,176,8,121.1971
16,2048,176,10,120.2977
16,2048,176,12,164.6314
16,2048,176,14,159.0652
16,2048,176,16,159.367
16,2048,176,18,154.2506
16,2048,176,20,168.7607
16,2048,176,22,159.0318
16,2048,176,24,183.3613
16,2048,176,26,176.9941
16,2048,176,28,172.5801
16,2048,176,30,166.7941
16,2048,176,32,168.9938
16,2048,176,34,160.7918
16,2048,176,36,181.5789
16,2048,176,38,175.4624
16,2048,176,40,178.2661
16,2048,176,42,164.5839
16,2048,176,44,171.0039
16,2048,176,46,173.548
16,2048,176,48,178.2942
16,2048,176,50,167.666
16,2048,176,52,175.7698
16,2048,176,54,162.3552
16,2048,176,56,162.5896
16,2048,176,58,158.9986
16,2048,176,60,173.3351
16,2048,176,62,169.6389
16,2048,176,64,171.7254
16,2048,176,66,167.2048
16,2048,176,68,162.3084
16,2048,176,70,166.6665
16,2048,176,72,172.2518
16,2048,176,74,168.6161
16,2048,176,76,164.3036
16,2048,176,78,157.7673
16,2048,176,80,154.9751
16,2048,176,82,166.0558
16,2048,176,84,153.6107
16,2048,176,86,155.3369
16,2048,176,88,157.7339
16,2048,176,90,157.2247
16,2048,176,92,157.2291
16,2048,176,94,155.5008
16,2048,176,96,157.8634
16,2048,176,98,152.9812
16,2048,176,100,150.7415
16,2048,176,102,148.3132
16,2048,176,104,152.7454
16,2048,176,106,149.3409
16,2048,176,108,152.4376
16,2048,176,110,155.8454
16,2048,176,112,151.6228
16,2048,176,114,148.6471
16,2048,176,116,152.4003
16,2048,176,118,147.4521
16,2048,176,120,150.8349
16,2048,176,122,149.2431
16,2048,176,124,149.3937
16,2048,176,126,146.4464
16,2048,176,128,147.6625
16,2048,176,130,139.5965
16,2048,176,132,141.1728
16,2048,176,134,143.6967
16,2048,176,136,140.5427
16,2048,176,138,136.7867
16,2048,176,140,148.3819
16,2048,176,142,137.3037
16,2048,176,144,137.259
16,2048,176,146,134.2161
16,2048,176,148,136.5752
16,2048,176,150,134.0116
16,2048,176,152,136.9333
16,2048,176,154,130.6288
16,2048,176,156,130.1357
16,2048,176,158,131.2938
16,2048,176,160,128.9049
16,2048,176,162,128.7789
16,2048,176,164,129.0275
16,2048,176,166,123.3086
16,2048,176,168,126.9172
16,2048,176,170,121.7524
16,2048,176,172,126.4124
16,2048,176,174,124.4003
16,2048,178,2,75.6502
16,2048,178,4,103.8149
16,2048,178,6,108.9503
16,2048,178,8,123.7505
16,2048,178,10,128.8117
16,2048,178,12,169.1585
16,2048,178,14,155.3841
16,2048,178,16,164.4392
16,2048,178,18,153.3533
16,2048,178,20,151.4833
16,2048,178,22,144.7857
16,2048,178,24,176.6377
16,2048,178,26,179.5341
16,2048,178,28,167.7436
16,2048,178,30,166.7864
16,2048,178,32,163.4663
16,2048,178,34,160.5288
16,2048,178,36,173.1186
16,2048,178,38,171.2778
16,2048,178,40,180.7016
16,2048,178,42,166.9045
16,2048,178,44,167.0398
16,2048,178,46,155.6794
16,2048,178,48,167.6098
16,2048,178,50,165.3031
16,2048,178,52,163.3761
16,2048,178,54,157.728
16,2048,178,56,156.4881
16,2048,178,58,158.537
16,2048,178,60,160.9593
16,2048,178,62,158.1118
16,2048,178,64,160.6959
16,2048,178,66,154.6152
16,2048,178,68,159.2109
16,2048,178,70,161.2651
16,2048,178,72,159.7738
16,2048,178,74,157.9239
16,2048,178,76,161.4639
16,2048,178,78,154.7529
16,2048,178,80,150.7403
16,2048,178,82,160.3754
16,2048,178,84,157.572
16,2048,178,86,151.2935
16,2048,178,88,146.9106
16,2048,178,90,150.4282
16,2048,178,92,150.4865
16,2048,178,94,156.7228
16,2048,178,96,159.6014
16,2048,178,98,150.5027
16,2048,178,100,158.6199
16,2048,178,102,149.5105
16,2048,178,104,154.68
16,2048,178,106,157.1087
16,2048,178,108,149.4115
16,2048,178,110,148.5937
16,2048,178,112,144.109
16,2048,178,114,145.5174
16,2048,178,116,146.6307
16,2048,178,118,147.925
16,2048,178,120,145.813
16,2048,178,122,148.1465
16,2048,178,124,143.2259
16,2048,178,126,142.4256
16,2048,178,128,141.7748
16,2048,178,130,141.7417
16,2048,178,132,139.6152
16,2048,178,134,139.2867
16,2048,178,136,138.5732
16,2048,178,138,136.9318
16,2048,178,140,135.2237
16,2048,178,142,137.6966
16,2048,178,144,130.9808
16,2048,178,146,135.6799
16,2048,178,148,133.4318
16,2048,178,150,130.4538
16,2048,178,152,134.1323
16,2048,178,154,133.5398
16,2048,178,156,130.7018
16,2048,178,158,128.709
16,2048,178,160,130.6205
16,2048,178,162,126.2838
16,2048,178,164,127.2105
16,2048,178,166,125.1233
16,2048,178,168,117.8133
16,2048,178,170,123.895
16,2048,178,172,121.2916
16,2048,178,174,120.9651
16,2048,178,176,119.7453
16,2048,180,2,76.6974
16,2048,180,4,107.2978
16,2048,180,6,115.4724
16,2048,180,8,127.3516
16,2048,180,10,127.1495
16,2048,180,12,175.1192
16,2048,180,14,175.1288
16,2048,180,16,166.0106
16,2048,180,18,161.6865
16,2048,180,20,160.4006
16,2048,180,22,152.4461
16,2048,180,24,187.8135
16,2048,180,26,184.7046
16,2048,180,28,182.4897
16,2048,180,30,169.6346
16,2048,180,32,172.2543
16,2048,180,34,161.2873
16,2048,180,36,192.0634
16,2048,180,38,174.6461
16,2048,180,40,175.3934
16,2048,180,42,170.8161
16,2048,180,44,165.5444
16,2048,180,46,176.0571
16,2048,180,48,181.7719
16,2048,180,50,177.0921
16,2048,180,52,184.026
16,2048,180,54,171.0135
16,2048,180,56,174.4121
16,2048,180,58,158.7934
16,2048,180,60,175.1614
16,2048,180,62,166.0493
16,2048,180,64,178.9957
16,2048,180,66,169.0546
16,2048,180,68,172.4849
16,2048,180,70,166.4725
16,2048,180,72,165.9895
16,2048,180,74,177.4343
16,2048,180,76,164.5841
16,2048,180,78,162.6614
16,2048,180,80,160.8482
16,2048,180,82,159.5738
16,2048,180,84,177.5793
16,2048,180,86,165.245
16,2048,180,88,159.48
16,2048,180,90,158.6192
16,2048,180,92,165.7061
16,2048,180,94,158.1367
16,2048,180,96,161.8666
16,2048,180,98,158.4991
16,2048,180,100,154.7706
16,2048,180,102,161.6662
16,2048,180,104,160.7066
16,2048,180,106,152.6695
16,2048,180,108,168.5191
16,2048,180,110,152.6539
16,2048,180,112,152.1741
16,2048,180,114,149.1494
16,2048,180,116,152.7023
16,2048,180,118,146.667
16,2048,180,120,158.4133
16,2048,180,122,147.6262
16,2048,180,124,157.9433
16,2048,180,126,149.3442
16,2048,180,128,146.738
16,2048,180,130,145.6088
16,2048,180,132,144.1068
16,2048,180,134,138.6272
16,2048,180,136,140.1745
16,2048,180,138,140.8758
16,2048,180,140,137.3593
16,2048,180,142,139.8616
16,2048,180,144,138.8995
16,2048,180,146,133.8181
16,2048,180,148,137.8962
16,2048,180,150,137.2413
16,2048,180,152,133.4928
16,2048,180,154,138.5313
16,2048,180,156,131.3632
16,2048,180,158,130.1963
16,2048,180,160,127.9752
16,2048,180,162,130.8602
16,2048,180,164,129.7811
16,2048,180,166,122.6272
16,2048,180,168,129.2374
16,2048,180,170,125.9574
16,2048,180,172,122.5267
16,2048,180,174,124.8753
16,2048,180,176,117.6492
16,2048,180,178,119.4153
16,2048,182,2,75.9302
16,2048,182,4,105.4337
16,2048,182,6,109.2187
16,2048,182,8,122.845
16,2048,182,10,122.8929
16,2048,182,12,168.9274
16,2048,182,14,158.8636
16,2048,182,16,157.0679
16,2048,182,18,158.623
16,2048,182,20,151.9165
16,2048,182,22,154.4172
16,2048,182,24,180.9668
16,2048,182,26,178.1613
16,2048,182,28,171.0201
16,2048,182,30,174.5472
16,2048,182,32,163.4014
16,2048,182,34,169.2876
16,2048,182,36,175.1079
16,2048,182,38,172.981
16,2048,182,40,163.9463
16,2048,182,42,176.4982
16,2048,182,44,158.9448
16,2048,182,46,154.3092
16,2048,182,48,177.4112
16,2048,182,50,169.0222
16,2048,182,52,165.0153
16,2048,182,54,160.092
16,2048,182,56,162.4479
16,2048,182,58,151.4725
16,2048,182,60,169.0189
16,2048,182,62,162.9348
16,2048,182,64,162.4159
16,2048,182,66,155.3643
16,2048,182,68,143.3559
16,2048,182,70,157.4445
16,2048,182,72,159.3847
16,2048,182,74,159.2277
16,2048,182,76,169.2832
16,2048,182,78,159.529
16,2048,182,80,155.6197
16,2048,182,82,150.1462
16,2048,182,84,158.5571
16,2048,182,86,153.7647
16,2048,182,88,151.5554
16,2048,182,90,148.852
16,2048,182,92,157.1447
16,2048,182,94,158.1153
16,2048,182,96,154.4812
16,2048,182,98,161.6629
16,2048,182,100,151.7599
16,2048,182,102,153.2813
16,2048,182,104,147.5298
16,2048,182,106,155.2646
16,2048,182,108,153.5045
16,2048,182,110,153.0836
16,2048,182,112,146.977
16,2048,182,114,143.1537
16,2048,182,116,148.8408
16,2048,182,118,145.5756
16,2048,182,120,155.7585
16,2048,182,122,149.3558
16,2048,182,124,146.6534
16,2048,182,126,141.402
16,2048,182,128,148.1456
16,2048,182,130,135.8972
16,2048,182,132,140.2746
16,2048,182,134,144.8171
16,2048,182,136,137.5191
16,2048,182,138,136.818
16,2048,182,140,129.8985
16,2048,182,142,142.6847
16,2048,182,144,140.2272
16,2048,182,146,138.2133
16,2048,182,148,137.4439
16,2048,182,150,131.3286
16,2048,182,152,130.1136
16,2048,182,154,134.8263
16,2048,182,156,129.7438
16,2048,182,158,135.1115
16,2048,182,160,128.8874
16,2048,182,162,129.6554
16,2048,182,164,131.2738
16,2048,182,166,126.4237
16,2048,182,168,126.294
16,2048,182,170,126.1808
16,2048,182,172,118.0661
16,2048,182,174,120.7843
16,2048,182,176,117.6405
16,2048,182,178,117.6457
16,2048,182,180,117.2145
16,2048,184,2,72.0238
16,2048,184,4,103.1089
16,2048,184,6,107.7248
16,2048,184,8,124.5262
16,2048,184,10,121.1418
16,2048,184,12,175.6049
16,2048,184,14,157.8256
16,2048,184,16,157.7811
16,2048,184,18,151.5738
16,2048,184,20,154.2698
16,2048,184,22,149.5428
16,2048,184,24,183.9554
16,2048,184,26,174.1971
16,2048,184,28,173.8427
16,2048,184,30,170.1228
16,2048,184,32,167.9426
16,2048,184,34,161.6522
16,2048,184,36,174.2543
16,2048,184,38,176.5503
16,2048,184,40,176.8168
16,2048,184,42,171.8916
16,2048,184,44,164.1874
16,2048,184,46,164.8097
16,2048,184,48,177.5536
16,2048,184,50,170.5326
16,2048,184,52,167.6012
16,2048,184,54,162.0262
16,2048,184,56,162.4609
16,2048,184,58,155.8806
16,2048,184,60,178.6135
16,2048,184,62,163.9164
16,2048,184,64,170.1235
16,2048,184,66,155.2941
16,2048,184,68,159.469
16,2048,184,70,162.6103
16,2048,184,72,167.2505
16,2048,184,74,173.6986
16,2048,184,76,161.453
16,2048,184,78,155.5496
16,2048,184,80,158.3826
16,2048,184,82,150.1519
16,2048,184,84,160.3589
16,2048,184,86,155.9318
16,2048,184,88,162.1675
16,2048,184,90,150.8377
16,2048,184,92,154.7403
16,2048,184,94,149.2203
16,2048,184,96,153.6745
16,2048,184,98,154.0574
16,2048,184,100,153.3627
16,2048,184,102,150.7327
16,2048,184,104,151.2758
16,2048,184,106,155.3862
16,2048,184,108,154.2719
16,2048,184,110,145.2456
16,2048,184,112,150.731
16,2048,184,114,144.2628
16,2048,184,116,148.2486
16,2048,184,118,145.7907
16,2048,184,120,151.7456
16,2048,184,122,148.8399
16,2048,184,124,149.3806
16,2048,184,126,141.7823
16,2048,184,128,141.9877
16,2048,184,130,140.2671
16,2048,184,132,143.2024
16,2048,184,134,143.3063
16,2048,184,136,141.7052
16,2048,184,138,133.8093
16,2048,184,140,140.7891
16,2048,184,142,132.7349
16,2048,184,144,142.9502
16,2048,184,146,136.0396
16,2048,184,148,137.3047
16,2048,184,150,132.0909
16,2048,184,152,133.2911
16,2048,184,154,130.1689
16,2048,184,156,136.3778
16,2048,184,158,131.6433
16,2048,184,160,132.9757
16,2048,184,162,127.8292
16,2048,184,164,124.3256
16,2048,184,166,120.1124
16,2048,184,168,126.9189
16,2048,184,170,127.2314
16,2048,184,172,126.3529
16,2048,184,174,118.3785
16,2048,184,176,125.6563
16,2048,184,178,121.7791
16,2048,184,180,116.9711
16,2048,184,182,117.863
16,2048,186,2,73.9637
16,2048,186,4,102.0305
16,2048,186,6,109.9651
16,2048,186,8,120.9706
16,2048,186,10,117.9715
16,2048,186,12,160.5463
16,2048,186,14,154.2148
16,2048,186,16,156.8122
16,2048,186,18,151.3159
16,2048,186,20,151.8607
16,2048,186,22,144.3877
16,2048,186,24,180.7278
16,2048,186,26,170.5206
16,2048,186,28,164.9631
16,2048,186,30,158.1073
16,2048,186,32,168.2833
16,2048,186,34,155.4001
16,2048,186,36,175.3394
16,2048,186,38,166.0365
16,2048,186,40,181.7487
16,2048,186,42,163.9283
16,2048,186,44,156.8432
16,2048,186,46,158.9816
16,2048,186,48,169.4333
16,2048,186,50,178.7544
16,2048,186,52,171.3116
16,2048,186,54,171.4205
16,2048,186,56,156.913
16,2048,186,58,152.1931
16,2048,186,60,159.6776
16,2048,186,62,169.499
16,2048,186,64,158.4565
16,2048,186,66,168.1234
16,2048,186,68,153.9428
16,2048,186,70,155.8526
16,2048,186,72,158.4628
16,2048,186,74,163.8986
16,2048,186,76,162.3182
16,2048,186,78,152.2223
16,2048,186,80,152.7509
16,2048,186,82,145.1336
16,2048,186,84,157.9121
16,2048,186,86,153.3311
16,2048,186,88,150.5469
16,2048,186,90,146.6374
16,2048,186,92,148.5178
16,2048,186,94,142.6046
16,2048,186,96,160.6274
16,2048,186,98,149.905
16,2048,186,100,148.4769
16,2048,186,102,148.226
16,2048,186,104,150.5967
16,2048,186,106,142.3955
16,2048,186,108,149.1027
16,2048,186,110,148.4833
16,2048,186,112,148.187
16,2048,186,114,144.1839
16,2048,186,116,147.1977
16,2048,186,118,143.7389
16,2048,186,120,143.6446
16,2048,186,122,142.1393
16,2048,186,124,141.5006
16,2048,186,126,141.4766
16,2048,186,128,144.5098
16,2048,186,130,141.5687
16,2048,186,132,141.0128
16,2048,186,134,137.0838
16,2048,186,136,136.8886
16,2048,186,138,137.2862
16,2048,186,140,135.2409
16,2048,186,142,137.1444
16,2048,186,144,132.5868
16,2048,186,146,126.8218
16,2048,186,148,132.408
16,2048,186,150,127.6246
16,2048,186,152,135.536
16,2048,186,154,129.4508
16,2048,186,156,127.2613
16,2048,186,158,125.7869
16,2048,186,160,125.9583
16,2048,186,162,126.9483
16,2048,186,164,124.0607
16,2048,186,166,124.8643
16,2048,186,168,121.7808
16,2048,186,170,126.5698
16,2048,186,172,116.8221
16,2048,186,174,119.9214
16,2048,186,176,119.645
16,2048,186,178,115.1083
16,2048,186,180,117.0297
16,2048,186,182,115.6882
16,2048,186,184,115.0676
16,2048,188,2,74.2344
16,2048,188,4,107.8739
16,2048,188,6,116.0271
16,2048,188,8,123.4536
16,2048,188,10,125.8696
16,2048,188,12,174.7792
16,2048,188,14,155.9294
16,2048,188,16,176.5412
16,2048,188,18,151.8495
16,2048,188,20,152.2033
16,2048,188,22,151.0056
16,2048,188,24,188.0431
16,2048,188,26,172.951
16,2048,188,28,171.6454
16,2048,188,30,161.9659
16,2048,188,32,167.7572
16,2048,188,34,160.6904
16,2048,188,36,184.7954
16,2048,188,38,172.7111
16,2048,188,40,173.4376
16,2048,188,42,167.5494
16,2048,188,44,166.9005
16,2048,188,46,166.2452
16,2048,188,48,175.5091
16,2048,188,50,182.0544
16,2048,188,52,170.4517
16,2048,188,54,166.3342
16,2048,188,56,161.3393
16,2048,188,58,160.9001
16,2048,188,60,161.8758
16,2048,188,62,167.2552
16,2048,188,64,168.6774
16,2048,188,66,161.5834
16,2048,188,68,161.0163
16,2048,188,70,164.4157
16,2048,188,72,176.0538
16,2048,188,74,163.4638
16,2048,188,76,164.9168
16,2048,188,78,156.1156
16,2048,188,80,164.6153
16,2048,188,82,157.6177
16,2048,188,84,160.1663
16,2048,188,86,157.8835
16,2048,188,88,160.993
16,2048,188,90,148.8536
16,2048,188,92,162.8378
16,2048,188,94,150.8594
16,2048,188,96,154.921
16,2048,188,98,152.8594
16,2048,188,100,151.5408
16,2048,188,102,153.457
16,2048,188,104,157.9693
16,2048,188,106,148.8925
16,2048,188,108,148.5548
16,2048,188,110,149.9082
16,2048,188,112,152.6258
16,2048,188,114,145.9184
16,2048,188,116,152.7667
16,2048,188,118,144.3321
16,2048,188,120,144.7973
16,2048,188,122,148.9143
16,2048,188,124,148.2037
16,2048,188,126,147.4406
16,2048,188,128,143.7138
16,2048,188,130,139.8896
16,2048,188,132,136.5709
16,2048,188,134,141.9765
16,2048,188,136,143.0963
16,2048,188,138,139.6543
16,2048,188,140,142.3811
16,2048,188,142,135.6143
16,2048,188,144,140.4369
16,2048,188,146,137.6937
16,2048,188,148,133.6075
16,2048,188,150,129.0251
16,2048,188,152,130.1786
16,2048,188,154,133.698
16,2048,188,156,135.486
16,2048,188,158,128.4845
16,2048,188,160,133.1525
16,2048,188,162,129.3339
16,2048,188,164,123.3147
16,2048,188,166,125.4499
16,2048,188,168,126.9281
16,2048,188,170,122.4313
16,2048,188,172,122.0482
16,2048,188,174,124.1779
16,2048,188,176,126.6193
16,2048,188,178,127.6941
16,2048,188,180,119.4358
16,2048,188,182,117.6376
16,2048,188,184,117.0932
16,2048,188,186,118.6389
16,2048,190,2,74.749
16,2048,190,4,106.0167
16,2048,190,6,110.288
16,2048,190,8,121.112
16,2048,190,10,123.0402
16,2048,190,12,164.3393
16,2048,190,14,154.2449
16,2048,190,16,157.6059
16,2048,190,18,152.2212
16,2048,190,20,151.5368
16,2048,190,22,151.8562
16,2048,190,24,185.3115
16,2048,190,26,173.4304
16,2048,190,28,168.3028
16,2048,190,30,160.7278
16,2048,190,32,177.2734
16,2048,190,34,158.7944
16,2048,190,36,180.6908
16,2048,190,38,177.9541
16,2048,190,40,166.264
16,2048,190,42,171.6904
16,2048,190,44,162.0851
16,2048,190,46,159.2447
16,2048,190,48,164.4386
16,2048,190,50,172.7276
16,2048,190,52,163.0029
16,2048,190,54,162.6402
16,2048,190,56,153.2656
16,2048,190,58,150.5304
16,2048,190,60,160.0647
16,2048,190,62,159.7877
16,2048,190,64,163.2189
16,2048,190,66,165.2442
16,2048,190,68,161.4634
16,2048,190,70,157.763
16,2048,190,72,163.7751
16,2048,190,74,157.5238
16,2048,190,76,152.8092
16,2048,190,78,155.5662
16,2048,190,80,151.6469
16,2048,190,82,153.1315
16,2048,190,84,159.257
16,2048,190,86,159.6873
16,2048,190,88,148.8712
16,2048,190,90,153.8954
16,2048,190,92,154.0524
16,2048,190,94,147.5604
16,2048,190,96,150.5876
16,2048,190,98,157.2198
16,2048,190,100,149.6384
16,2048,190,102,146.836
16,2048,190,104,151.2344
16,2048,190,106,147.6167
16,2048,190,108,149.2262
16,2048,190,110,156.8339
16,2048,190,112,151.0438
16,2048,190,114,142.8218
16,2048,190,116,153.7865
16,2048,190,118,156.6922
16,2048,190,120,135.2413
16,2048,190,122,144.8966
16,2048,190,124,144.5037
16,2048,190,126,146.5122
16,2048,190,128,140.9131
16,2048,190,130,139.4533
16,2048,190,132,136.2889
16,2048,190,134,133.9982
16,2048,190,136,139.746
16,2048,190,138,137.1747
16,2048,190,140,134.8509
16,2048,190,142,141.1884
16,2048,190,144,136.0456
16,2048,190,146,135.031
16,2048,190,148,140.6785
16,2048,190,150,132.4645
16,2048,190,152,134.958
16,2048,190,154,130.5159
16,2048,190,156,127.6939
16,2048,190,158,126.2354
16,2048,190,160,129.7273
16,2048,190,162,124.2767
16,2048,190,164,132.4077
16,2048,190,166,133.2616
16,2048,190,168,117.4797
16,2048,190,170,123.1046
16,2048,190,172,119.6527
16,2048,190,174,120.2969
16,2048,190,176,122.0603
16,2048,190,178,119.2609
16,2048,190,180,122.3214
16,2048,190,182,113.8193
16,2048,190,184,114.1702
16,2048,190,186,113.1917
16,2048,190,188,114.4553
16,2048,192,2,77.5497
16,2048,192,4,105.1699
16,2048,192,6,112.0649
16,2048,192,8,126.2798
16,2048,192,10,128.3442
16,2048,192,12,174.2847
16,2048,192,14,156.5199
16,2048,192,16,165.7766
16,2048,192,18,164.1991
16,2048,192,20,157.8734
16,2048,192,22,159.2202
16,2048,192,24,193.3903
16,2048,192,26,175.386
16,2048,192,28,178.4875
16,2048,192,30,169.2773
16,2048,192,32,175.5283
16,2048,192,34,168.6951
16,2048,192,36,184.039
16,2048,192,38,172.3316
16,2048,192,40,174.3642
16,2048,192,42,182.4516
16,2048,192,44,163.2221
16,2048,192,46,169.5617
16,2048,192,48,173.1042
16,2048,192,50,173.4142
16,2048,192,52,181.2208
16,2048,192,54,164.1498
16,2048,192,56,163.4016
16,2048,192,58,157.1803
16,2048,192,60,169.1459
16,2048,192,62,167.3759
16,2048,192,64,163.0822
16,2048,192,66,165.3528
16,2048,192,68,159.6444
16,2048,192,70,157.8366
16,2048,192,72,165.8091
16,2048,192,74,151.6501
16,2048,192,76,166.6654
16,2048,192,78,163.2178
16,2048,192,80,157.8501
16,2048,192,82,153.8304
16,2048,192,84,159.7675
16,2048,192,86,153.47
16,2048,192,88,156.5001
16,2048,192,90,153.6055
16,2048,192,92,155.5207
16,2048,192,94,148.7979
16,2048,192,96,155.9563
16,2048,192,98,146.0182
16,2048,192,100,153.0306
16,2048,192,102,150.8771
16,2048,192,104,159.1447
16,2048,192,106,146.945
16,2048,192,108,150.9004
16,2048,192,110,144.2675
16,2048,192,112,147.1254
16,2048,192,114,140.8597
16,2048,192,116,144.9028
16,2048,192,118,147.921
16,2048,192,120,145.3945
16,2048,192,122,146.9228
16,2048,192,124,142.5584
16,2048,192,126,143.6899
16,2048,192,128,142.3912
16,2048,192,130,136.3897
16,2048,192,132,145.0557
16,2048,192,134,140.1922
16,2048,192,136,143.7388
16,2048,192,138,144.2684
16,2048,192,140,141.08
16,2048,192,142,138.7794
16,2048,192,144,147.5119
16,2048,192,146,135.7829
16,2048,192,148,132.2011
16,2048,192,150,141.657
16,2048,192,152,133.2087
16,2048,192,154,131.3031
16,2048,192,156,131.1384
16,2048,192,158,127.2026
16,2048,192,160,127.0095
16,2048,192,162,126.6894
16,2048,192,164,126.8753
16,2048,192,166,123.3385
16,2048,192,168,131.5215
16,2048,192,170,120.531
16,2048,192,172,122.4807
16,2048,192,174,116.5261
16,2048,192,176,119.4056
16,2048,192,178,114.1651
16,2048,192,180,119.9473
16,2048,192,182,114.4176
16,2048,192,184,115.955
16,2048,192,186,112.6098
16,2048,192,188,120.1717
16,2048,192,190,111.5071
16,2048,194,2,76.7348
16,2048,194,4,103.5604
16,2048,194,6,106.8884
16,2048,194,8,126.1831
16,2048,194,10,121.7644
16,2048,194,12,166.8604
16,2048,194,14,160.8266
16,2048,194,16,158.3684
16,2048,194,18,153.5103
16,2048,194,20,151.3651
16,2048,194,22,150.3436
16,2048,194,24,182.7049
16,2048,194,26,161.6169
16,2048,194,28,171.4138
16,2048,194,30,172.2873
16,2048,194,32,174.7425
16,2048,194,34,158.7262
16,2048,194,36,175.998
16,2048,194,38,171.8554
16,2048,194,40,177.0887
16,2048,194,42,160.3622
16,2048,194,44,169.6089
16,2048,194,46,157.6189
16,2048,194,48,175.9546
16,2048,194,50,169.281
16,2048,194,52,176.7805
16,2048,194,54,170.2355
16,2048,194,56,162.1132
16,2048,194,58,154.5456
16,2048,194,60,169.7295
16,2048,194,62,159.2197
16,2048,194,64,158.0216
16,2048,194,66,161.2551
16,2048,194,68,153.9586
16,2048,194,70,159.3813
16,2048,194,72,161.8111
16,2048,194,74,160.6752
16,2048,194,76,152.0423
16,2048,194,78,157.8488
16,2048,194,80,160.1257
16,2048,194,82,152.5164
16,2048,194,84,163.0744
16,2048,194,86,153.7815
16,2048,194,88,155.2373
16,2048,194,90,148.7017
16,2048,194,92,140.197
16,2048,194,94,151.1039
16,2048,194,96,152.3746
16,2048,194,98,150.7043
16,2048,194,100,153.0459
16,2048,194,102,155.1222
16,2048,194,104,145.3528
16,2048,194,106,145.8783
16,2048,194,108,148.3855
16,2048,194,110,150.7222
16,2048,194,112,150.379
16,2048,194,114,152.5473
16,2048,194,116,143.2432
16,2048,194,118,146.9085
16,2048,194,120,149.3535
16,2048,194,122,148.7459
16,2048,194,124,141.1372
16,2048,194,126,146.3446
16,2048,194,128,140.0819
16,2048,194,130,141.499
16,2048,194,132,138.2668
16,2048,194,134,146.2423
16,2048,194,136,136.4719
16,2048,194,138,145.5881
16,2048,194,140,144.3637
16,2048,194,142,132.8371
16,2048,194,144,140.6335
16,2048,194,146,140.378
16,2048,194,148,138.677
16,2048,194,150,132.6904
16,2048,194,152,130.4584
16,2048,194,154,126.8218
16,2048,194,156,133.026
16,2048,194,158,132.1214
16,2048,194,160,123.5441
16,2048,194,162,124.2208
16,2048,194,164,128.0182
16,2048,194,166,124.729
16,2048,194,168,125.9865
16,2048,194,170,124.9117
16,2048,194,172,123.6636
16,2048,194,174,118.2738
16,2048,194,176,119.01
16,2048,194,178,120.154
16,2048,194,180,119.9974
16,2048,194,182,121.0138
16,2048,194,184,117.3916
16,2048,194,186,110.9553
16,2048,194,188,111.2416
16,2048,194,190,110.9247
16,2048,194,192,112.7992
16,2048,196,2,71.2464
16,2048,196,4,101.4698
16,2048,196,6,107.5532
16,2048,196,8,120.9247
16,2048,196,10,120.6155
16,2048,196,12,166.4427
16,2048,196,14,157.1432
16,2048,196,16,160.513
16,2048,196,18,152.9517
16,2048,196,20,163.5392
16,2048,196,22,146.7824
16,2048,196,24,185.7251
16,2048,196,26,171.0551
16,2048,196,28,178.4462
16,2048,196,30,163.7932
16,2048,196,32,162.1792
16,2048,196,34,159.6127
16,2048,196,36,174.3411
16,2048,196,38,168.7828
16,2048,196,40,170.8371
16,2048,196,42,166.4483
16,2048,196,44,162.1505
16,2048,196,46,157.0604
16,2048,196,48,169.244
16,2048,196,50,165.427
16,2048,196,52,163.6417
16,2048,196,54,159.4078
16,2048,196,56,170.5746
16,2048,196,58,155.4046
16,2048,196,60,161.9035
16,2048,196,62,159.5046
16,2048,196,64,157.8306
16,2048,196,66,156.0984
16,2048,196,68,154.3918
16,2048,196,70,152.1602
16,2048,196,72,165.9903
16,2048,196,74,162.1513
16,2048,196,76,162.632
16,2048,196,78,157.0754
16,2048,196,80,155.159
16,2048,196,82,145.0357
16,2048,196,84,155.2583
16,2048,196,86,153.1142
16,2048,196,88,152.9764
16,2048,196,90,149.3533
16,2048,196,92,149.781
16,2048,196,94,148.2033
16,2048,196,96,153.3749
16,2048,196,98,150.7494
16,2048,196,100,151.5952
16,2048,196,102,147.924
16,2048,196,104,145.099
16,2048,196,106,150.0414
16,2048,196,108,149.7687
16,2048,196,110,151.5885
16,2048,196,112,151.4522
16,2048,196,114,145.4314
16,2048,196,116,150.1668
16,2048,196,118,143.9973
16,2048,196,120,143.1735
16,2048,196,122,138.177
16,2048,196,124,147.5947
16,2048,196,126,136.584
16,2048,196,128,138.1127
16,2048,196,130,146.197
16,2048,196,132,142.2104
16,2048,196,134,142.2299
16,2048,196,136,141.013
16,2048,196,138,140.5472
16,2048,196,140,139.9225
16,2048,196,142,141.7596
16,2048,196,144,139.3462
16,2048,196,146,133.9662
16,2048,196,148,130.7767
16,2048,196,150,136.1375
16,2048,196,152,130.2938
16,2048,196,154,138.423
16,2048,196,156,135.1696
16,2048,196,158,129.1826
16,2048,196,160,128.2004
16,2048,196,162,131.2979
16,2048,196,164,125.5167
16,2048,196,166,121.773
16,2048,196,168,121.6773
16,2048,196,170,125.9086
16,2048,196,172,122.7425
16,2048,196,174,117.8965
16,2048,196,176,125.1836
16,2048,196,178,116.5213
16,2048,196,180,123.2267
16,2048,196,182,119.3157
16,2048,196,184,120.6889
16,2048,196,186,108.676
16,2048,196,188,116.8347
16,2048,196,190,112.9039
16,2048,196,192,106.8609
16,2048,196,194,111.2299
16,2048,198,2,72.6906
16,2048,198,4,101.3817
16,2048,198,6,107.1599
16,2048,198,8,121.0419
16,2048,198,10,119.5309
16,2048,198,12,163.3191
16,2048,198,14,157.3858
16,2048,198,16,154.4244
16,2048,198,18,157.3367
16,2048,198,20,155.0014
16,2048,198,22,151.6597
16,2048,198,24,183.6209
16,2048,198,26,167.6382
16,2048,198,28,168.9428
16,2048,198,30,167.8709
16,2048,198,32,163.7823
16,2048,198,34,155.1765
16,2048,198,36,170.9444
16,2048,198,38,176.7035
16,2048,198,40,165.8016
16,2048,198,42,160.021
16,2048,198,44,159.7293
16,2048,198,46,152.0442
16,2048,198,48,166.9067
16,2048,198,50,164.7163
16,2048,198,52,163.2285
16,2048,198,54,159.2933
16,2048,198,56,161.7255
16,2048,198,58,158.5803
16,2048,198,60,161.7896
16,2048,198,62,157.1999
16,2048,198,64,157.1152
16,2048,198,66,156.6278
16,2048,198,68,156.4498
16,2048,198,70,151.2906
16,2048,198,72,155.1464
16,2048,198,74,159.8218
16,2048,198,76,162.353
16,2048,198,78,156.5727
16,2048,198,80,150.4834
16,2048,198,82,150.3009
16,2048,198,84,153.212
16,2048,198,86,151.2578
16,2048,198,88,153.6439
16,2048,198,90,149.5619
16,2048,198,92,146.8737
16,2048,198,94,144.4264
16,2048,198,96,149.1642
16,2048,198,98,153.1527
16,2048,198,100,148.3147
16,2048,198,102,145.8233
16,2048,198,104,144.5856
16,2048,198,106,142.6771
16,2048,198,108,139.9099
16,2048,198,110,151.8984
16,2048,198,112,147.6232
16,2048,198,114,141.4226
16,2048,198,116,141.3271
16,2048,198,118,138.6444
16,2048,198,120,144.9279
16,2048,198,122,145.0619
16,2048,198,124,142.5778
16,2048,198,126,136.2525
16,2048,198,128,137.2123
16,2048,198,130,133.2633
16,2048,198,132,138.4921
16,2048,198,134,139.1641
16,2048,198,136,141.0484
16,2048,198,138,140.843
16,2048,198,140,142.8784
16,2048,198,142,126.9745
16,2048,198,144,133.4717
16,2048,198,146,141.6857
16,2048,198,148,130.5774
16,2048,198,150,131.2327
16,2048,198,152,125.2324
16,2048,198,154,125.0629
16,2048,198,156,129.5415
16,2048,198,158,125.7853
16,2048,198,160,127.764
16,2048,198,162,125.4418
16,2048,198,164,128.1365
16,2048,198,166,122.6307
16,2048,198,168,121.5921
16,2048,198,170,121.22
16,2048,198,172,122.5914
16,2048,198,174,119.669
16,2048,198,176,115.9026
16,2048,198,178,115.469
16,2048,198,180,112.6455
16,2048,198,182,112.9491
16,2048,198,184,114.1413
16,2048,198,186,113.5165
16,2048,198,188,111.0426
16,2048,198,190,109.0712
16,2048,198,192,108.6514
16,2048,198,194,112.7277
16,2048,198,196,107.1316
16,2048,200,2,73.6283
16,2048,200,4,100.1235
16,2048,200,6,107.0237
16,2048,200,8,120.6201
16,2048,200,10,117.4051
16,2048,200,12,158.828
16,2048,200,14,157.7899
16,2048,200,16,156.4416
16,2048,200,18,155.3535
16,2048,200,20,149.4758
16,2048,200,22,149.2053
16,2048,200,24,171.4056
16,2048,200,26,166.4065
16,2048,200,28,167.3113
16,2048,200,30,171.7963
16,2048,200,32,169.7665
16,2048,200,34,156.1669
16,2048,200,36,181.515
16,2048,200,38,165.5954
16,2048,200,40,175.3437
16,2048,200,42,157.7446
16,2048,200,44,159.5568
16,2048,200,46,156.8528
16,2048,200,48,172.8626
16,2048,200,50,168.0469
16,2048,200,52,162.7103
16,2048,200,54,158.6862
16,2048,200,56,159.7139
16,2048,200,58,155.5757
16,2048,200,60,170.1191
16,2048,200,62,155.3584
16,2048,200,64,156.1816
16,2048,200,66,161.7245
16,2048,200,68,155.6197
16,2048,200,70,161.8359
16,2048,200,72,165.0533
16,2048,200,74,155.9601
16,2048,200,76,161.29
16,2048,200,78,152.0245
16,2048,200,80,151.9334
16,2048,200,82,147.8989
16,2048,200,84,153.1731
16,2048,200,86,146.8113
16,2048,200,88,151.4545
16,2048,200,90,151.5945
16,2048,200,92,147.6376
16,2048,200,94,144.3505
16,2048,200,96,154.1608
16,2048,200,98,147.3436
16,2048,200,100,140.7327
16,2048,200,102,155.5625
16,2048,200,104,145.6122
16,2048,200,106,145.2355
16,2048,200,108,144.7782
16,2048,200,110,145.3151
16,2048,200,112,143.2015
16,2048,200,114,134.2359
16,2048,200,116,147.3298
16,2048,200,118,138.2732
16,2048,200,120,142.9543
16,2048,200,122,135.933
16,2048,200,124,135.5656
16,2048,200,126,137.8987
16,2048,200,128,137.4894
16,2048,200,130,135.8655
16,2048,200,132,136.3633
16,2048,200,134,135.0201
16,2048,200,136,138.371
16,2048,200,138,132.337
16,2048,200,140,135.7517
16,2048,200,142,130.7513
16,2048,200,144,132.0634
16,2048,200,146,132.073
16,2048,200,148,132.4488
16,2048,200,150,128.9557
16,2048,200,152,134.5453
16,2048,200,154,123.7543
16,2048,200,156,125.6841
16,2048,200,158,126.9536
16,2048,200,160,124.7808
16,2048,200,162,125.4634
16,2048,200,164,125.4081
16,2048,200,166,121.1292
16,2048,200,168,121.3827
16,2048,200,170,120.3576
16,2048,200,172,119.0111
16,2048,200,174,126.4067
16,2048,200,176,117.9173
16,2048,200,178,114.0891
16,2048,200,180,117.7463
16,2048,200,182,113.668
16,2048,200,184,114.6
16,2048,200,186,114.2744
16,2048,200,188,113.235
16,2048,200,190,111.2883
16,2048,200,192,111.5682
16,2048,200,194,107.3837
16,2048,200,196,110.1995
16,2048,200,198,113.1749
16,2048,202,2,73.1404
16,2048,202,4,101.8014
16,2048,202,6,105.1008
16,2048,202,8,116.7195
16,2048,202,10,115.2839
16,2048,202,12,159.5375
16,2048,202,14,142.3847
16,2048,202,16,152.4467
16,2048,202,18,149.8483
16,2048,202,20,152.2687
16,2048,202,22,141.2141
16,2048,202,24,171.4611
16,2048,202,26,165.3784
16,2048,202,28,170.309
16,2048,202,30,154.7361
16,2048,202,32,154.9902
16,2048,202,34,153.1654
16,2048,202,36,171.6256
16,2048,202,38,163.2323
16,2048,202,40,164.9691
16,2048,202,42,161.7883
16,2048,202,44,164.8667
16,2048,202,46,151.9534
16,2048,202,48,161.5921
16,2048,202,50,168.5087
16,2048,202,52,162.1862
16,2048,202,54,160.035
16,2048,202,56,164.7267
16,2048,202,58,152.6608
16,2048,202,60,159.2357
16,2048,202,62,164.6702
16,2048,202,64,152.8677
16,2048,202,66,151.7186
16,2048,202,68,152.5162
16,2048,202,70,157.0274
16,2048,202,72,166.4411
16,2048,202,74,160.9026
16,2048,202,76,156.3663
16,2048,202,78,150.5075
16,2048,202,80,144.4974
16,2048,202,82,157.3222
16,2048,202,84,156.4513
16,2048,202,86,157.9381
16,2048,202,88,147.2585
16,2048,202,90,144.0371
16,2048,202,92,142.5166
16,2048,202,94,141.565
16,2048,202,96,141.633
16,2048,202,98,141.9135
16,2048,202,100,140.5588
16,2048,202,102,140.5951
16,2048,202,104,142.1443
16,2048,202,106,143.8611
16,2048,202,108,140.5748
16,2048,202,110,142.039
16,2048,202,112,144.5554
16,2048,202,114,138.6118
16,2048,202,116,138.6595
16,2048,202,118,140.9073
16,2048,202,120,142.5072
16,2048,202,122,140.1061
16,2048,202,124,135.7933
16,2048,202,126,135.6744
16,2048,202,128,133.9727
16,2048,202,130,134.1249
16,2048,202,132,130.3734
16,2048,202,134,134.0835
16,2048,202,136,129.6535
16,2048,202,138,133.7604
16,2048,202,140,132.667
16,2048,202,142,132.2305
16,2048,202,144,128.4703
16,2048,202,146,127.4198
16,2048,202,148,126.3745
16,2048,202,150,134.6369
16,2048,202,152,128.1846
16,2048,202,154,133.192
16,2048,202,156,122.5418
16,2048,202,158,131.5601
16,2048,202,160,126.0532
16,2048,202,162,124.0083
16,2048,202,164,128.3966
16,2048,202,166,120.3214
16,2048,202,168,117.459
16,2048,202,170,125.5198
16,2048,202,172,117.7699
16,2048,202,174,120.8656
16,2048,202,176,117.0568
16,2048,202,178,112.4369
16,2048,202,180,112.1878
16,2048,202,182,112.9598
16,2048,202,184,110.1762
16,2048,202,186,107.1485
16,2048,202,188,111.9621
16,2048,202,190,112.5601
16,2048,202,192,108.6296
16,2048,202,194,105.006
16,2048,202,196,106.3489
16,2048,202,198,109.2946
16,2048,202,200,104.7174
16,2048,204,2,72.7466
16,2048,204,4,101.2275
16,2048,204,6,110.234
16,2048,204,8,124.7118
16,2048,204,10,121.4417
16,2048,204,12,167.891
16,2048,204,14,155.1367
16,2048,204,16,159.4463
16,2048,204,18,152.4961
16,2048,204,20,152.1261
16,2048,204,22,146.4252
16,2048,204,24,184.6027
16,2048,204,26,159.0223
16,2048,204,28,171.9726
16,2048,204,30,167.1219
16,2048,204,32,170.1472
16,2048,204,34,158.4126
16,2048,204,36,180.3671
16,2048,204,38,168.0611
16,2048,204,40,170.5025
16,2048,204,42,169.217
16,2048,204,44,161.055
16,2048,204,46,151.7914
16,2048,204,48,171.1527
16,2048,204,50,163.5038
16,2048,204,52,166.4082
16,2048,204,54,166.9988
16,2048,204,56,164.6917
16,2048,204,58,152.6696
16,2048,204,60,179.4771
16,2048,204,62,160.8295
16,2048,204,64,161.7189
16,2048,204,66,153.0505
16,2048,204,68,161.5001
16,2048,204,70,154.9948
16,2048,204,72,165.3119
16,2048,204,74,154.6278
16,2048,204,76,161.683
16,2048,204,78,154.3663
16,2048,204,80,154.2937
16,2048,204,82,151.8834
16,2048,204,84,158.1823
16,2048,204,86,153.1189
16,2048,204,88,153.8596
16,2048,204,90,152.2195
16,2048,204,92,146.2915
16,2048,204,94,146.7286
16,2048,204,96,144.5231
16,2048,204,98,144.4994
16,2048,204,100,147.3907
16,2048,204,102,152.6198
16,2048,204,104,141.0413
16,2048,204,106,143.8078
16,2048,204,108,151.4214
16,2048,204,110,145.8976
16,2048,204,112,142.866
16,2048,204,114,148.0461
16,2048,204,116,138.6996
16,2048,204,118,147.1974
16,2048,204,120,144.4604
16,2048,204,122,137.6336
16,2048,204,124,146.6038
16,2048,204,126,145.3785
16,2048,204,128,135.0362
16,2048,204,130,143.459
16,2048,204,132,138.8822
16,2048,204,134,134.1258
16,2048,204,136,133.6923
16,2048,204,138,132.1967
16,2048,204,140,136.6567
16,2048,204,142,140.0547
16,2048,204,144,137.5728
16,2048,204,146,140.4631
16,2048,204,148,132.1244
16,2048,204,150,130.2772
16,2048,204,152,127.3101
16,2048,204,154,128.2367
16,2048,204,156,130.5002
16,2048,204,158,123.9628
16,2048,204,160,128.4259
16,2048,204,162,124.85
16,2048,204,164,126.6449
16,2048,204,166,123.5613
16,2048,204,168,126.5688
16,2048,204,170,122.5796
16,2048,204,172,120.0163
16,2048,204,174,123.7077
16,2048,204,176,121.4763
16,2048,204,178,115.1993
16,2048,204,180,117.2667
16,2048,204,182,113.9399
16,2048,204,184,116.32
16,2048,204,186,114.3581
16,2048,204,188,111.5182
16,2048,204,190,109.1357
16,2048,204,192,108.4255
16,2048,204,194,106.6754
16,2048,204,196,108.4065
16,2048,204,198,106.9552
16,2048,204,200,109.3237
16,2048,204,202,105.8784
16,2048,206,2,74.2927
16,2048,206,4,106.9552
16,2048,206,6,105.1638
16,2048,206,8,121.6795
16,2048,206,10,119.2811
16,2048,206,12,155.156
16,2048,206,14,153.0823
16,2048,206,16,157.4856
16,2048,206,18,147.5218
16,2048,206,20,145.6456
16,2048,206,22,141.16
16,2048,206,24,182.6886
16,2048,206,26,172.7155
16,2048,206,28,163.0633
16,2048,206,30,159.2186
16,2048,206,32,162.5053
16,2048,206,34,158.0911
16,2048,206,36,183.9527
16,2048,206,38,176.6083
16,2048,206,40,175.5067
16,2048,206,42,164.0712
16,2048,206,44,157.0748
16,2048,206,46,158.242
16,2048,206,48,168.5627
16,2048,206,50,163.6919
16,2048,206,52,165.8793
16,2048,206,54,166.1786
16,2048,206,56,157.9178
16,2048,206,58,150.4182
16,2048,206,60,164.312
16,2048,206,62,153.0953
16,2048,206,64,164.6515
16,2048,206,66,157.4301
16,2048,206,68,150.8058
16,2048,206,70,152.3705
16,2048,206,72,155.9081
16,2048,206,74,151.5457
16,2048,206,76,157.0375
16,2048,206,78,160.5576
16,2048,206,80,153.3764
16,2048,206,82,153.8558
16,2048,206,84,155.7782
16,2048,206,86,155.8878
16,2048,206,88,154.539
16,2048,206,90,146.5212
16,2048,206,92,145.1567
16,2048,206,94,145.7646
16,2048,206,96,143.6751
16,2048,206,98,150.9206
16,2048,206,100,144.8885
16,2048,206,102,135.9742
16,2048,206,104,139.6623
16,2048,206,106,143.9316
16,2048,206,108,141.3777
16,2048,206,110,140.8774
16,2048,206,112,153.0207
16,2048,206,114,139.3309
16,2048,206,116,142.5759
16,2048,206,118,137.0968
16,2048,206,120,150.1134
16,2048,206,122,142.6156
16,2048,206,124,134.4693
16,2048,206,126,143.3364
16,2048,206,128,142.5207
16,2048,206,130,137.9034
16,2048,206,132,136.187
16,2048,206,134,135.5308
16,2048,206,136,131.9738
16,2048,206,138,133.3545
16,2048,206,140,133.4407
16,2048,206,142,135.9146
16,2048,206,144,138.476
16,2048,206,146,131.8302
16,2048,206,148,129.6404
16,2048,206,150,125.9488
16,2048,206,152,125.0516
16,2048,206,154,133.0165
16,2048,206,156,126.7804
16,2048,206,158,123.9127
16,2048,206,160,123.6069
16,2048,206,162,127.8674
16,2048,206,164,127.3999
16,2048,206,166,128.0124
16,2048,206,168,125.9373
16,2048,206,170,122.7989
16,2048,206,172,117.7868
16,2048,206,174,120.0418
16,2048,206,176,122.9022
16,2048,206,178,113.3508
16,2048,206,180,116.9868
16,2048,206,182,118.2153
16,2048,206,184,111.4996
16,2048,206,186,112.4862
16,2048,206,188,107.1788
16,2048,206,190,108.796
16,2048,206,192,108.9238
16,2048,206,194,109.7473
16,2048,206,196,112.427
16,2048,206,198,108.6923
16,2048,206,200,99.4673
16,2048,206,202,101.477
16,2048,206,204,101.0105
16,2048,208,2,72.7809
16,2048,208,4,104.2354
16,2048,208,6,107.8692
16,2048,208,8,121.1028
16,2048,208,10,119.1178
16,2048,208,12,168.5003
16,2048,208,14,150.7685
16,2048,208,16,163.3905
16,2048,208,18,148.0044
16,2048,208,20,154.8994
16,2048,208,22,150.7097
16,2048,208,24,182.1068
16,2048,208,26,174.7429
16,2048,208,28,168.8493
16,2048,208,30,156.5547
16,2048,208,32,160.9408
16,2048,208,34,162.072
16,2048,208,36,176.2266
16,2048,208,38,167.6862
16,2048,208,40,163.3667
16,2048,208,42,165.8884
16,2048,208,44,165.3574
16,2048,208,46,154.6188
16,2048,208,48,171.0181
16,2048,208,50,157.4093
16,2048,208,52,166.1962
16,2048,208,54,172.4914
16,2048,208,56,157.2528
16,2048,208,58,158.321
16,2048,208,60,158.4123
16,2048,208,62,166.2592
16,2048,208,64,155.4042
16,2048,208,66,152.9406
16,2048,208,68,155.8102
16,2048,208,70,149.8692
16,2048,208,72,171.2093
16,2048,208,74,161.0881
16,2048,208,76,155.6603
16,2048,208,78,159.9785
16,2048,208,80,153.667
16,2048,208,82,153.5299
16,2048,208,84,154.2025
16,2048,208,86,151.436
16,2048,208,88,152.3736
16,2048,208,90,147.9994
16,2048,208,92,150.2764
16,2048,208,94,144.2157
16,2048,208,96,152.2736
16,2048,208,98,151.3794
16,2048,208,100,143.2756
16,2048,208,102,149.2066
16,2048,208,104,141.7842
16,2048,208,106,137.8783
16,2048,208,108,141.4371
16,2048,208,110,145.1784
16,2048,208,112,151.5592
16,2048,208,114,140.3975
16,2048,208,116,143.8536
16,2048,208,118,142.782
16,2048,208,120,143.7277
16,2048,208,122,137.3194
16,2048,208,124,148.5542
16,2048,208,126,146.106
16,2048,208,128,140.2428
16,2048,208,130,133.64
16,2048,208,132,137.516
16,2048,208,134,134.2219
16,2048,208,136,143.147
16,2048,208,138,130.7432
16,2048,208,140,130.2384
16,2048,208,142,130.4682
16,2048,208,144,134.3558
16,2048,208,146,131.2361
16,2048,208,148,132.7709
16,2048,208,150,129.5351
16,2048,208,152,126.1555
16,2048,208,154,131.7408
16,2048,208,156,130.0145
16,2048,208,158,127.1644
16,2048,208,160,129.5105
16,2048,208,162,117.9535
16,2048,208,164,122.2398
16,2048,208,166,122.8839
16,2048,208,168,121.0078
16,2048,208,170,124.6005
16,2048,208,172,121.0017
16,2048,208,174,124.4367
16,2048,208,176,112.9532
16,2048,208,178,114.47
16,2048,208,180,120.314
16,2048,208,182,117.5471
16,2048,208,184,114.5671
16,2048,208,186,115.2639
16,2048,208,188,109.3516
16,2048,208,190,110.4229
16,2048,208,192,110.3051
16,2048,208,194,107.8678
16,2048,208,196,108.5626
16,2048,208,198,105.1028
16,2048,208,200,106.5532
16,2048,208,202,105.7213
16,2048,208,204,104.3033
16,2048,208,206,105.9764
16,2048,210,2,73.7006
16,2048,210,4,105.1793
16,2048,210,6,106.3917
16,2048,210,8,117.5315
16,2048,210,10,119.632
16,2048,210,12,160.6511
16,2048,210,14,148.9602
16,2048,210,16,160.1759
16,2048,210,18,150.8534
16,2048,210,20,144.0736
16,2048,210,22,141.3646
16,2048,210,24,175.602
16,2048,210,26,172.9545
16,2048,210,28,161.0299
16,2048,210,30,159.5802
16,2048,210,32,165.4308
16,2048,210,34,156.8136
16,2048,210,36,171.1639
16,2048,210,38,178.5717
16,2048,210,40,161.4814
16,2048,210,42,164.8765
16,2048,210,44,161.1827
16,2048,210,46,152.9975
16,2048,210,48,169.7587
16,2048,210,50,160.7561
16,2048,210,52,161.4381
16,2048,210,54,160.4973
16,2048,210,56,156.3052
16,2048,210,58,154.7656
16,2048,210,60,162.037
16,2048,210,62,156.9394
16,2048,210,64,155.6764
16,2048,210,66,155.7374
16,2048,210,68,147.1012
16,2048,210,70,149.9577
16,2048,210,72,152.8005
16,2048,210,74,149.9069
16,2048,210,76,153.4373
16,2048,210,78,150.4087
16,2048,210,80,159.8142
16,2048,210,82,149.3749
16,2048,210,84,152.4126
16,2048,210,86,153.6498
16,2048,210,88,148.9715
16,2048,210,90,146.9216
16,2048,210,92,146.8949
16,2048,210,94,136.7842
16,2048,210,96,143.452
16,2048,210,98,144.3199
16,2048,210,100,136.2423
16,2048,210,102,139.8139
16,2048,210,104,138.6474
16,2048,210,106,140.8577
16,2048,210,108,139.5939
16,2048,210,110,140.2559
16,2048,210,112,143.4758
16,2048,210,114,148.2233
16,2048,210,116,143.5175
16,2048,210,118,144.0674
16,2048,210,120,146.422
16,2048,210,122,131.6067
16,2048,210,124,136.1564
16,2048,210,126,138.2798
16,2048,210,128,134.6945
16,2048,210,130,129.4866
16,2048,210,132,131.6857
16,2048,210,134,131.4658
16,2048,210,136,134.0283
16,2048,210,138,133.9835
16,2048,210,140,129.1079
16,2048,210,142,136.0103
16,2048,210,144,133.0297
16,2048,210,146,137.3905
16,2048,210,148,128.873
16,2048,210,150,129.6404
16,2048,210,152,127.5271
16,2048,210,154,125.1954
16,2048,210,156,123.7881
16,2048,210,158,125.232
16,2048,210,160,126.348
16,2048,210,162,122.4103
16,2048,210,164,122.3159
16,2048,210,166,122.3149
16,2048,210,168,123.3247
16,2048,210,170,114.8512
16,2048,210,172,120.4371
16,2048,210,174,120.7505
16,2048,210,176,115.0531
16,2048,210,178,113.818
16,2048,210,180,115.6296
16,2048,210,182,112.1396
16,2048,210,184,111.552
16,2048,210,186,118.3397
16,2048,210,188,107.6467
16,2048,210,190,112.5068
16,2048,210,192,107.6426
16,2048,210,194,107.9624
16,2048,210,196,112.5785
16,2048,210,198,108.3428
16,2048,210,200,101.113
16,2048,210,202,101.8789
16,2048,210,204,100.69
16,2048,210,206,105.6244
16,2048,210,208,103.1066
16,2048,212,2,72.0481
16,2048,212,4,105.0428
16,2048,212,6,109.0923
16,2048,212,8,118.3263
16,2048,212,10,116.4012
16,2048,212,12,155.698
16,2048,212,14,152.7811
16,2048,212,16,155.6289
16,2048,212,18,149.3691
16,2048,212,20,152.4728
16,2048,212,22,141.1034
16,2048,212,24,175.8412
16,2048,212,26,165.6884
16,2048,212,28,161.7589
16,2048,212,30,158.9651
16,2048,212,32,163.7629
16,2048,212,34,151.4084
16,2048,212,36,173.4992
16,2048,212,38,163.7801
16,2048,212,40,175.7643
16,2048,212,42,159.8102
16,2048,212,44,161.9142
16,2048,212,46,155.9391
16,2048,212,48,177.281
16,2048,212,50,159.371
16,2048,212,52,161.8204
16,2048,212,54,153.5027
16,2048,212,56,154.5355
16,2048,212,58,152.406
16,2048,212,60,158.2344
16,2048,212,62,159.9965
16,2048,212,64,154.9804
16,2048,212,66,152.1786
16,2048,212,68,153.1599
16,2048,212,70,148.5389
16,2048,212,72,162.7181
16,2048,212,74,153.8213
16,2048,212,76,157.0291
16,2048,212,78,154.1906
16,2048,212,80,152.1344
16,2048,212,82,148.9436
16,2048,212,84,150.616
16,2048,212,86,157.9506
16,2048,212,88,147.339
16,2048,212,90,150.8
16,2048,212,92,142.9151
16,2048,212,94,152.1976
16,2048,212,96,144.0034
16,2048,212,98,146.2896
16,2048,212,100,143.7858
16,2048,212,102,138.0195
16,2048,212,104,139.3099
16,2048,212,106,139.566
16,2048,212,108,140.1928
16,2048,212,110,138.1722
16,2048,212,112,139.9496
16,2048,212,114,141.329
16,2048,212,116,137.5559
16,2048,212,118,134.7297
16,2048,212,120,137.6138
16,2048,212,122,135.7452
16,2048,212,124,142.5748
16,2048,212,126,133.5111
16,2048,212,128,138.9224
16,2048,212,130,133.826
16,2048,212,132,134.5501
16,2048,212,134,133.144
16,2048,212,136,135.6707
16,2048,212,138,132.323
16,2048,212,140,143.052
16,2048,212,142,132.732
16,2048,212,144,133.9991
16,2048,212,146,130.9814
16,2048,212,148,128.8026
16,2048,212,150,126.1193
16,2048,212,152,130.8768
16,2048,212,154,130.779
16,2048,212,156,129.5267
16,2048,212,158,122.886
16,2048,212,160,129.4704
16,2048,212,162,129.7846
16,2048,212,164,121.4523
16,2048,212,166,121.0725
16,2048,212,168,120.1173
16,2048,212,170,119.9862
16,2048,212,172,115.3227
16,2048,212,174,119.4402
16,2048,212,176,123.2946
16,2048,212,178,115.4748
16,2048,212,180,118.9117
16,2048,212,182,109.2399
16,2048,212,184,110.3052
16,2048,212,186,116.6855
16,2048,212,188,117.9702
16,2048,212,190,108.299
16,2048,212,192,107.987
16,2048,212,194,102.4663
16,2048,212,196,105.2469
16,2048,212,198,110.4113
16,2048,212,200,106.4665
16,2048,212,202,100.7254
16,2048,212,204,101.8409
16,2048,212,206,105.6419
16,2048,212,208,99.4547
16,2048,212,210,103.7045
16,2048,214,2,73.9739
16,2048,214,4,101.368
16,2048,214,6,107.0933
16,2048,214,8,121.861
16,2048,214,10,113.5777
16,2048,214,12,163.4764
16,2048,214,14,146.5736
16,2048,214,16,152.6508
16,2048,214,18,150.3426
16,2048,214,20,146.9203
16,2048,214,22,141.7069
16,2048,214,24,179.5558
16,2048,214,26,165.0244
16,2048,214,28,161.6966
16,2048,214,30,162.8173
16,2048,214,32,156.674
16,2048,214,34,148.7346
16,2048,214,36,160.2402
16,2048,214,38,163.6932
16,2048,214,40,163.2034
16,2048,214,42,163.7701
16,2048,214,44,158.7763
16,2048,214,46,155.6275
16,2048,214,48,167.3322
16,2048,214,50,161.9919
16,2048,214,52,161.1799
16,2048,214,54,162.7958
16,2048,214,56,153.781
16,2048,214,58,151.7804
16,2048,214,60,160.8008
16,2048,214,62,158.6622
16,2048,214,64,151.1832
16,2048,214,66,145.1821
16,2048,214,68,146.1689
16,2048,214,70,155.3865
16,2048,214,72,153.0668
16,2048,214,74,154.9699
16,2048,214,76,146.8278
16,2048,214,78,148.8088
16,2048,214,80,151.2934
16,2048,214,82,144.0075
16,2048,214,84,146.2504
16,2048,214,86,146.0523
16,2048,214,88,146.3887
16,2048,214,90,140.4578
16,2048,214,92,139.6106
16,2048,214,94,149.9547
16,2048,214,96,147.2049
16,2048,214,98,143.9031
16,2048,214,100,149.0393
16,2048,214,102,138.1307
16,2048,214,104,135.9514
16,2048,214,106,133.2077
16,2048,214,108,131.4456
16,2048,214,110,134.4798
16,2048,214,112,138.0086
16,2048,214,114,137.6787
16,2048,214,116,133.9999
16,2048,214,118,135.149
16,2048,214,120,132.2206
16,2048,214,122,138.3378
16,2048,214,124,137.1603
16,2048,214,126,131.2022
16,2048,214,128,137.28
16,2048,214,130,130.1615
16,2048,214,132,128.5287
16,2048,214,134,132.0634
16,2048,214,136,128.7105
16,2048,214,138,127.8678
16,2048,214,140,129.8094
16,2048,214,142,139.0627
16,2048,214,144,135.2953
16,2048,214,146,124.1193
16,2048,214,148,127.1397
16,2048,214,150,130.7702
16,2048,214,152,123.9637
16,2048,214,154,125.0807
16,2048,214,156,126.8228
16,2048,214,158,126.9045
16,2048,214,160,122.6371
16,2048,214,162,115.8197
16,2048,214,164,120.9519
16,2048,214,166,123.8076
16,2048,214,168,116.1253
16,2048,214,170,117.8431
16,2048,214,172,116.1375
16,2048,214,174,114.8138
16,2048,214,176,113.4661
16,2048,214,178,114.4482
16,2048,214,180,108.798
16,2048,214,182,112.0176
16,2048,214,184,117.845
16,2048,214,186,110.8753
16,2048,214,188,105.7231
16,2048,214,190,109.724
16,2048,214,192,106.3493
16,2048,214,194,111.2567
16,2048,214,196,110.7691
16,2048,214,198,103.5593
16,2048,214,200,105.3601
16,2048,214,202,99.9434
16,2048,214,204,101.5514
16,2048,214,206,102.7861
16,2048,214,208,101.6665
16,2048,214,210,103.1473
16,2048,214,212,100.7273
16,2048,216,2,74.9702
16,2048,216,4,102.5166
16,2048,216,6,107.5168
16,2048,216,8,123.193
16,2048,216,10,123.3643
16,2048,216,12,171.6243
16,2048,216,14,153.5848
16,2048,216,16,161.9583
16,2048,216,18,152.8352
16,2048,216,20,153.9477
16,2048,216,22,141.434
16,2048,216,24,183.4343
16,2048,216,26,165.6246
16,2048,216,28,163.4788
16,2048,216,30,174.5417
16,2048,216,32,168.6326
16,2048,216,34,152.2601
16,2048,216,36,187.7975
16,2048,216,38,170.322
16,2048,216,40,171.6264
16,2048,216,42,170.5566
16,2048,216,44,165.0399
16,2048,216,46,161.7078
16,2048,216,48,168.8256
16,2048,216,50,167.565
16,2048,216,52,158.9882
16,2048,216,54,163.5759
16,2048,216,56,170.274
16,2048,216,58,161.8664
16,2048,216,60,168.7152
16,2048,216,62,160.3871
16,2048,216,64,158.6831
16,2048,216,66,149.9465
16,2048,216,68,163.8766
16,2048,216,70,154.9124
16,2048,216,72,162.1966
16,2048,216,74,151.7782
16,2048,216,76,153.0361
16,2048,216,78,152.6031
16,2048,216,80,149.1686
16,2048,216,82,150.7314
16,2048,216,84,159.523
16,2048,216,86,150.1585
16,2048,216,88,149.9744
16,2048,216,90,143.4369
16,2048,216,92,143.8322
16,2048,216,94,146.5778
16,2048,216,96,151.1114
16,2048,216,98,139.0555
16,2048,216,100,142.2938
16,2048,216,102,139.2538
16,2048,216,104,140.1475
16,2048,216,106,135.2674
16,2048,216,108,145.9482
16,2048,216,110,135.2363
16,2048,216,112,140.6615
16,2048,216,114,138.2309
16,2048,216,116,141.2694
16,2048,216,118,140.8775
16,2048,216,120,147.0415
16,2048,216,122,138.9321
16,2048,216,124,138.101
16,2048,216,126,141.8971
16,2048,216,128,134.1805
16,2048,216,130,134.5006
16,2048,216,132,134.3265
16,2048,216,134,137.993
16,2048,216,136,135.0768
16,2048,216,138,131.0893
16,2048,216,140,131.9325
16,2048,216,142,127.6907
16,2048,216,144,131.7252
16,2048,216,146,127.51
16,2048,216,148,131.9495
16,2048,216,150,131.1816
16,2048,216,152,127.2664
16,2048,216,154,129.7368
16,2048,216,156,126.0134
16,2048,216,158,131.0903
16,2048,216,160,123.1749
16,2048,216,162,124.7765
16,2048,216,164,127.2738
16,2048,216,166,123.3819
16,2048,216,168,131.5016
16,2048,216,170,117.8073
16,2048,216,172,119.7652
16,2048,216,174,118.0187
16,2048,216,176,120.3524
16,2048,216,178,114.2783
16,2048,216,180,117.1167
16,2048,216,182,114.5964
16,2048,216,184,116.9431
16,2048,216,186,108.6283
16,2048,216,188,115.5432
16,2048,216,190,112.318
16,2048,216,192,112.0059
16,2048,216,194,111.0486
16,2048,216,196,112.4459
16,2048,216,198,108.1991
16,2048,216,200,104.6848
16,2048,216,202,105.089
16,2048,216,204,105.356
16,2048,216,206,106.6494
16,2048,216,208,105.7704
16,2048,216,210,98.6402
16,2048,216,212,106.6679
16,2048,216,214,101.1828
16,2048,218,2,71.6978
16,2048,218,4,100.9167
16,2048,218,6,108.3243
16,2048,218,8,117.1938
16,2048,218,10,120.2475
16,2048,218,12,157.5148
16,2048,218,14,154.6949
16,2048,218,16,157.9495
16,2048,218,18,149.2517
16,2048,218,20,146.0258
16,2048,218,22,141.8985
16,2048,218,24,173.0372
16,2048,218,26,174.5093
16,2048,218,28,163.8438
16,2048,218,30,157.2222
16,2048,218,32,156.2808
16,2048,218,34,149.4039
16,2048,218,36,172.8704
16,2048,218,38,164.2431
16,2048,218,40,169.0581
16,2048,218,42,159.0978
16,2048,218,44,158.5576
16,2048,218,46,157.4213
16,2048,218,48,162.9373
16,2048,218,50,158.2801
16,2048,218,52,164.899
16,2048,218,54,159.3973
16,2048,218,56,156.4862
16,2048,218,58,149.4897
16,2048,218,60,158.0131
16,2048,218,62,164.0401
16,2048,218,64,154.1551
16,2048,218,66,151.5723
16,2048,218,68,148.8791
16,2048,218,70,143.9488
16,2048,218,72,151.6999
16,2048,218,74,151.5317
16,2048,218,76,147.9674
16,2048,218,78,145.314
16,2048,218,80,146.6437
16,2048,218,82,152.5587
16,2048,218,84,154.7646
16,2048,218,86,149.2063
16,2048,218,88,146.6432
16,2048,218,90,142.0936
16,2048,218,92,137.7121
16,2048,218,94,137.9762
16,2048,218,96,144.1899
16,2048,218,98,145.5075
16,2048,218,100,139.8741
16,2048,218,102,138.9312
16,2048,218,104,134.6368
16,2048,218,106,135.3022
16,2048,218,108,135.8092
16,2048,218,110,139.41
16,2048,218,112,126.3027
16,2048,218,114,135.8879
16,2048,218,116,130.5257
16,2048,218,118,135.4003
16,2048,218,120,136.1214
16,2048,218,122,138.0533
16,2048,218,124,135.2819
16,2048,218,126,133.7742
16,2048,218,128,129.8319
16,2048,218,130,130.59
16,2048,218,132,131.5179
16,2048,218,134,139.1532
16,2048,218,136,132.4709
16,2048,218,138,130.1616
16,2048,218,140,128.7649
16,2048,218,142,131.3928
16,2048,218,144,128.6423
16,2048,218,146,130.7234
16,2048,218,148,127.6334
16,2048,218,150,127.5321
16,2048,218,152,123.5252
16,2048,218,154,128.5383
16,2048,218,156,127.1858
16,2048,218,158,124.0943
16,2048,218,160,121.1398
16,2048,218,162,120.6562
16,2048,218,164,122.647
16,2048,218,166,119.1771
16,2048,218,168,119.6441
16,2048,218,170,121.5135
16,2048,218,172,114.004
16,2048,218,174,119.3822
16,2048,218,176,115.7024
16,2048,218,178,111.9255
16,2048,218,180,114.6236
16,2048,218,182,121.52
16,2048,218,184,114.1483
16,2048,218,186,112.3575
16,2048,218,188,110.6343
16,2048,218,190,109.7804
16,2048,218,192,115.6948
16,2048,218,194,110.8921
16,2048,218,196,104.2728
16,2048,218,198,105.2798
16,2048,218,200,103.3766
16,2048,218,202,101.6567
16,2048,218,204,102.868
16,2048,218,206,105.1511
16,2048,218,208,100.6922
16,2048,218,210,97.5954
16,2048,218,212,100.3879
16,2048,218,214,96.8646
16,2048,218,216,93.5348
16,2048,220,2,68.3938
16,2048,220,4,100.6254
16,2048,220,6,103.1696
16,2048,220,8,121.9664
16,2048,220,10,115.1208
16,2048,220,12,165.0393
16,2048,220,14,146.5513
16,2048,220,16,152.9402
16,2048,220,18,149.4321
16,2048,220,20,146.479
16,2048,220,22,142.809
16,2048,220,24,171.6081
16,2048,220,26,162.6008
16,2048,220,28,178.3775
16,2048,220,30,160.7789
16,2048,220,32,151.2189
16,2048,220,34,160.0553
16,2048,220,36,169.9681
16,2048,220,38,169.5955
16,2048,220,40,166.3309
16,2048,220,42,157.6626
16,2048,220,44,159.1063
16,2048,220,46,153.9139
16,2048,220,48,164.748
16,2048,220,50,157.3967
16,2048,220,52,164.0038
16,2048,220,54,147.6931
16,2048,220,56,156.7322
16,2048,220,58,147.9939
16,2048,220,60,155.4265
16,2048,220,62,152.7733
16,2048,220,64,159.0028
16,2048,220,66,147.0246
16,2048,220,68,146.4759
16,2048,220,70,145.7753
16,2048,220,72,154.153
16,2048,220,74,150.608
16,2048,220,76,146.6471
16,2048,220,78,143.8745
16,2048,220,80,147.6415
16,2048,220,82,145.1097
16,2048,220,84,153.5212
16,2048,220,86,139.3144
16,2048,220,88,148.5469
16,2048,220,90,142.8785
16,2048,220,92,141.9528
16,2048,220,94,135.466
16,2048,220,96,143.619
16,2048,220,98,145.2612
16,2048,220,100,140.9013
16,2048,220,102,142.9888
16,2048,220,104,135.2263
16,2048,220,106,137.5335
16,2048,220,108,137.3805
16,2048,220,110,134.8873
16,2048,220,112,136.2921
16,2048,220,114,135.2826
16,2048,220,116,133.0289
16,2048,220,118,133.3425
16,2048,220,120,139.6858
16,2048,220,122,139.7602
16,2048,220,124,135.8374
16,2048,220,126,132.4233
16,2048,220,128,134.086
16,2048,220,130,136.3552
16,2048,220,132,131.1658
16,2048,220,134,138.3895
16,2048,220,136,133.5206
16,2048,220,138,133.6979
16,2048,220,140,128.4157
16,2048,220,142,134.106
16,2048,220,144,133.515
16,2048,220,146,125.9351
16,2048,220,148,127.2538
16,2048,220,150,121.8067
16,2048,220,152,123.3608
16,2048,220,154,122.1966
16,2048,220,156,124.5543
16,2048,220,158,121.7429
16,2048,220,160,126.9945
16,2048,220,162,118.7067
16,2048,220,164,128.0778
16,2048,220,166,119.8223
16,2048,220,168,115.0735
16,2048,220,170,113.6115
16,2048,220,172,118.1693
16,2048,220,174,113.4361
16,2048,220,176,113.9919
16,2048,220,178,113.4323
16,2048,220,180,112.6904
16,2048,220,182,115.0337
16,2048,220,184,115.7526
16,2048,220,186,113.0712
16,2048,220,188,108.6063
16,2048,220,190,109.9034
16,2048,220,192,105.3244
16,2048,220,194,109.6441
16,2048,220,196,110.8451
16,2048,220,198,103.9067
16,2048,220,200,102.1213
16,2048,220,202,100.0258
16,2048,220,204,100.6681
16,2048,220,206,97.9419
16,2048,220,208,103.6562
16,2048,220,210,96.441
16,2048,220,212,98.3554
16,2048,220,214,97.4992
16,2048,220,216,97.7979
16,2048,220,218,95.5538
16,2048,222,2,67.9633
16,2048,222,4,97.6396
16,2048,222,6,101.5435
16,2048,222,8,118.0654
16,2048,222,10,112.3623
16,2048,222,12,153.8327
16,2048,222,14,147.294
16,2048,222,16,160.0091
16,2048,222,18,142.8992
16,2048,222,20,142.9909
16,2048,222,22,139.2504
16,2048,222,24,165.9029
16,2048,222,26,159.0791
16,2048,222,28,155.2447
16,2048,222,30,160.3018
16,2048,222,32,157.3104
16,2048,222,34,145.6816
16,2048,222,36,158.4636
16,2048,222,38,157.2303
16,2048,222,40,158.0078
16,2048,222,42,156.0225
16,2048,222,44,153.8017
16,2048,222,46,152.4077
16,2048,222,48,163.9196
16,2048,222,50,148.8892
16,2048,222,52,158.6877
16,2048,222,54,149.278
16,2048,222,56,150.3684
16,2048,222,58,149.5642
16,2048,222,60,155.6186
16,2048,222,62,159.3122
16,2048,222,64,148.6519
16,2048,222,66,149.9102
16,2048,222,68,143.7589
16,2048,222,70,143.8745
16,2048,222,72,151.2098
16,2048,222,74,150.4835
16,2048,222,76,148.7749
16,2048,222,78,143.2471
16,2048,222,80,141.9221
16,2048,222,82,141.7522
16,2048,222,84,140.846
16,2048,222,86,150.2967
16,2048,222,88,142.5673
16,2048,222,90,149.6447
16,2048,222,92,137.0213
16,2048,222,94,142.2051
16,2048,222,96,138.6609
16,2048,222,98,137.9632
16,2048,222,100,140.513
16,2048,222,102,139.0144
16,2048,222,104,136.0823
16,2048,222,106,131.5605
16,2048,222,108,131.3238
16,2048,222,110,131.2657
16,2048,222,112,135.8684
16,2048,222,114,132.8997
16,2048,222,116,130.8142
16,2048,222,118,132.6996
16,2048,222,120,133.2508
16,2048,222,122,127.699
16,2048,222,124,130.2002
16,2048,222,126,131.7651
16,2048,222,128,130.9102
16,2048,222,130,129.2223
16,2048,222,132,129.5265
16,2048,222,134,130.9697
16,2048,222,136,131.8816
16,2048,222,138,132.4415
16,2048,222,140,128.9053
16,2048,222,142,124.9429
16,2048,222,144,126.6263
16,2048,222,146,123.9736
16,2048,222,148,121.2594
16,2048,222,150,122.7583
16,2048,222,152,121.7832
16,2048,222,154,123.4431
16,2048,222,156,119.4774
16,2048,222,158,127.1397
16,2048,222,160,121.8031
16,2048,222,162,115.9907
16,2048,222,164,114.6487
16,2048,222,166,117.2456
16,2048,222,168,115.5268
16,2048,222,170,113.8978
16,2048,222,172,121.0889
16,2048,222,174,114.1993
16,2048,222,176,115.5382
16,2048,222,178,109.3354
16,2048,222,180,108.9952
16,2048,222,182,110.2356
16,2048,222,184,110.3545
16,2048,222,186,111.5958
16,2048,222,188,107.0117
16,2048,222,190,107.6419
16,2048,222,192,107.652
16,2048,222,194,108.7783
16,2048,222,196,107.6829
16,2048,222,198,109.5032
16,2048,222,200,105.1049
16,2048,222,202,102.3374
16,2048,222,204,103.2959
16,2048,222,206,101.1618
16,2048,222,208,99.4963
16,2048,222,210,100.6285
16,2048,222,212,95.5007
16,2048,222,214,94.803
16,2048,222,216,99.5298
16,2048,222,218,90.6427
16,2048,222,220,96.8991
16,2048,224,2,68.2414
16,2048,224,4,97.4088
16,2048,224,6,106.1233
16,2048,224,8,115.1493
16,2048,224,10,111.5628
16,2048,224,12,154.558
16,2048,224,14,147.0885
16,2048,224,16,158.0529
16,2048,224,18,139.726
16,2048,224,20,144.2481
16,2048,224,22,135.5073
16,2048,224,24,179.845
16,2048,224,26,161.5579
16,2048,224,28,157.7843
16,2048,224,30,152.6801
16,2048,224,32,150.6736
16,2048,224,34,144.1117
16,2048,224,36,162.9967
16,2048,224,38,161.2758
16,2048,224,40,166.0448
16,2048,224,42,153.6612
16,2048,224,44,153.792
16,2048,224,46,149.6606
16,2048,224,48,164.4311
16,2048,224,50,156.982
16,2048,224,52,166.9162
16,2048,224,54,151.732
16,2048,224,56,149.8921
16,2048,224,58,143.17
16,2048,224,60,156.4708
16,2048,224,62,146.9785
16,2048,224,64,161.1436
16,2048,224,66,146.5805
16,2048,224,68,149.9196
16,2048,224,70,148.774
16,2048,224,72,146.1482
16,2048,224,74,148.8854
16,2048,224,76,145.4571
16,2048,224,78,132.9263
16,2048,224,80,145.8982
16,2048,224,82,152.1584
16,2048,224,84,145.5758
16,2048,224,86,142.2359
16,2048,224,88,151.5911
16,2048,224,90,146.7485
16,2048,224,92,139.3807
16,2048,224,94,136.6505
16,2048,224,96,141.4416
16,2048,224,98,138.986
16,2048,224,100,141.0945
16,2048,224,102,137.5734
16,2048,224,104,136.5594
16,2048,224,106,125.8623
16,2048,224,108,126.4554
16,2048,224,110,130.7336
16,2048,224,112,126.1267
16,2048,224,114,133.1742
16,2048,224,116,131.3318
16,2048,224,118,129.423
16,2048,224,120,127.8328
16,2048,224,122,131.1659
16,2048,224,124,130.0971
16,2048,224,126,135.9254
16,2048,224,128,128.1877
16,2048,224,130,127.7256
16,2048,224,132,123.8979
16,2048,224,134,126.7626
16,2048,224,136,127.6128
16,2048,224,138,133.9729
16,2048,224,140,132.1177
16,2048,224,142,117.6646
16,2048,224,144,120.2959
16,2048,224,146,125.9154
16,2048,224,148,120.4414
16,2048,224,150,123.9617
16,2048,224,152,123.4512
16,2048,224,154,121.3112
16,2048,224,156,128.4107
16,2048,224,158,118.4854
16,2048,224,160,118.9977
16,2048,224,162,118.7542
16,2048,224,164,119.8592
16,2048,224,166,115.8899
16,2048,224,168,117.1321
16,2048,224,170,114.3819
16,2048,224,172,112.0266
16,2048,224,174,115.4663
16,2048,224,176,116.2505
16,2048,224,178,116.3911
16,2048,224,180,108.6568
16,2048,224,182,110.2926
16,2048,224,184,111.2885
16,2048,224,186,106.4537
16,2048,224,188,105.0059
16,2048,224,190,105.6453
16,2048,224,192,110.2793
16,2048,224,194,104.9013
16,2048,224,196,97.7047
16,2048,224,198,104.7364
16,2048,224,200,100.921
16,2048,224,202,101.2668
16,2048,224,204,102.995
16,2048,224,206,99.8941
16,2048,224,208,98.1183
16,2048,224,210,97.1525
16,2048,224,212,96.5552
16,2048,224,214,97.9538
16,2048,224,216,100.5731
16,2048,224,218,94.7611
16,2048,224,220,95.5525
16,2048,224,222,98.177
16,2048,226,2,68.5267
16,2048,226,4,97.5099
16,2048,226,6,104.3786
16,2048,226,8,110.3838
16,2048,226,10,113.5406
16,2048,226,12,150.6439
16,2048,226,14,146.2012
16,2048,226,16,146.0744
16,2048,226,18,137.9441
16,2048,226,20,142.358
16,2048,226,22,133.5024
16,2048,226,24,165.9373
16,2048,226,26,157.6978
16,2048,226,28,166.92
16,2048,226,30,155.2391
16,2048,226,32,158.1093
16,2048,226,34,143.5465
16,2048,226,36,161.5576
16,2048,226,38,168.2187
16,2048,226,40,158.1382
16,2048,226,42,154.6904
16,2048,226,44,156.689
16,2048,226,46,152.6566
16,2048,226,48,157.0996
16,2048,226,50,151.5413
16,2048,226,52,153.0166
16,2048,226,54,144.6987
16,2048,226,56,153.2019
16,2048,226,58,154.0695
16,2048,226,60,159.9785
16,2048,226,62,150.8004
16,2048,226,64,158.3198
16,2048,226,66,140.7502
16,2048,226,68,138.5649
16,2048,226,70,152.1739
16,2048,226,72,148.6921
16,2048,226,74,146.1287
16,2048,226,76,144.8627
16,2048,226,78,148.8365
16,2048,226,80,144.9758
16,2048,226,82,142.8579
16,2048,226,84,144.9939
16,2048,226,86,134.7305
16,2048,226,88,132.7373
16,2048,226,90,140.2277
16,2048,226,92,135.7171
16,2048,226,94,137.0974
16,2048,226,96,139.9933
16,2048,226,98,133.5318
16,2048,226,100,134.7146
16,2048,226,102,133.767
16,2048,226,104,132.0113
16,2048,226,106,132.1565
16,2048,226,108,128.4699
16,2048,226,110,128.6018
16,2048,226,112,127.696
16,2048,226,114,132.3485
16,2048,226,116,126.6864
16,2048,226,118,123.3088
16,2048,226,120,126.0647
16,2048,226,122,129.9824
16,2048,226,124,124.3341
16,2048,226,126,129.1285
16,2048,226,128,125.2586
16,2048,226,130,124.2604
16,2048,226,132,123.5187
16,2048,226,134,119.0268
16,2048,226,136,126.4079
16,2048,226,138,126.1715
16,2048,226,140,130.7613
16,2048,226,142,128.3916
16,2048,226,144,121.8297
16,2048,226,146,128.6945
16,2048,226,148,123.6144
16,2048,226,150,121.8925
16,2048,226,152,121.8752
16,2048,226,154,123.1607
16,2048,226,156,117.7494
16,2048,226,158,121.2656
16,2048,226,160,119.8657
16,2048,226,162,115.348
16,2048,226,164,116.8284
16,2048,226,166,117.2692
16,2048,226,168,116.3254
16,2048,226,170,118.5065
16,2048,226,172,113.73
16,2048,226,174,108.897
16,2048,226,176,113.3389
16,2048,226,178,118.1064
16,2048,226,180,110.9635
16,2048,226,182,106.6737
16,2048,226,184,110.3842
16,2048,226,186,108.9783
16,2048,226,188,107.269
16,2048,226,190,106.4828
16,2048,226,192,106.6067
16,2048,226,194,99.2286
16,2048,226,196,102.4782
16,2048,226,198,100.4287
16,2048,226,200,99.2058
16,2048,226,202,103.4997
16,2048,226,204,100.9947
16,2048,226,206,97.9053
16,2048,226,208,95.8759
16,2048,226,210,100.1766
16,2048,226,212,93.5327
16,2048,226,214,97.8204
16,2048,226,216,90.3702
16,2048,226,218,89.4974
16,2048,226,220,88.1093
16,2048,226,222,93.4404
16,2048,226,224,90.4384
16,2048,228,2,70.4124
16,2048,228,4,100.065
16,2048,228,6,105.5556
16,2048,228,8,114.5315
16,2048,228,10,113.5629
16,2048,228,12,169.5377
16,2048,228,14,146.9604
16,2048,228,16,140.7427
16,2048,228,18,145.9539
16,2048,228,20,139.3453
16,2048,228,22,137.3314
16,2048,228,24,184.0205
16,2048,228,26,162.7583
16,2048,228,28,164.6681
16,2048,228,30,159.7259
16,2048,228,32,140.7973
16,2048,228,34,157.9341
16,2048,228,36,169.6207
16,2048,228,38,163.2177
16,2048,228,40,162.9681
16,2048,228,42,171.0405
16,2048,228,44,157.4962
16,2048,228,46,150.8006
16,2048,228,48,167.2533
16,2048,228,50,165.5452
16,2048,228,52,161.4552
16,2048,228,54,157.7929
16,2048,228,56,156.7757
16,2048,228,58,152.1413
16,2048,228,60,159.4212
16,2048,228,62,155.5949
16,2048,228,64,159.1898
16,2048,228,66,147.366
16,2048,228,68,146.1296
16,2048,228,70,138.9902
16,2048,228,72,154.6945
16,2048,228,74,143.7123
16,2048,228,76,145.0542
16,2048,228,78,144.9727
16,2048,228,80,157.6518
16,2048,228,82,144.5754
16,2048,228,84,163.741
16,2048,228,86,144.1772
16,2048,228,88,148.5554
16,2048,228,90,145.4767
16,2048,228,92,139.6524
16,2048,228,94,140.7836
16,2048,228,96,146.717
16,2048,228,98,137.6426
16,2048,228,100,151.5794
16,2048,228,102,142.6145
16,2048,228,104,137.0089
16,2048,228,106,135.2931
16,2048,228,108,137.1279
16,2048,228,110,131.8326
16,2048,228,112,138.2708
16,2048,228,114,135.8113
16,2048,228,116,141.845
16,2048,228,118,125.182
16,2048,228,120,135.8261
16,2048,228,122,131.3152
16,2048,228,124,127.4819
16,2048,228,126,126.9937
16,2048,228,128,125.1416
16,2048,228,130,131.4244
16,2048,228,132,136.1302
16,2048,228,134,129.707
16,2048,228,136,123.2005
16,2048,228,138,126.738
16,2048,228,140,128.1817
16,2048,228,142,126.4128
16,2048,228,144,131.7815
16,2048,228,146,122.1882
16,2048,228,148,117.8965
16,2048,228,150,123.4342
16,2048,228,152,125.7161
16,2048,228,154,122.0512
16,2048,228,156,124.8656
16,2048,228,158,123.2459
16,2048,228,160,120.1874
16,2048,228,162,122.021
16,2048,228,164,120.6877
16,2048,228,166,116.7381
16,2048,228,168,119.7495
16,2048,228,170,112.7146
16,2048,228,172,120.8895
16,2048,228,174,107.0297
16,2048,228,176,114.9424
16,2048,228,178,108.7745
16,2048,228,180,123.2818
16,2048,228,182,108.0896
16,2048,228,184,104.5883
16,2048,228,186,109.5975
16,2048,228,188,104.2523
16,2048,228,190,110.3661
16,2048,228,192,111.9174
16,2048,228,194,105.8876
16,2048,228,196,102.9745
16,2048,228,198,99.2734
16,2048,228,200,105.9326
16,2048,228,202,101.3679
16,2048,228,204,102.4026
16,2048,228,206,103.8695
16,2048,228,208,102.5615
16,2048,228,210,103.3415
16,2048,228,212,104.1901
16,2048,228,214,104.2127
16,2048,228,216,97.0508
16,2048,228,218,98.6377
16,2048,228,220,97.0049
16,2048,228,222,90.4375
16,2048,228,224,98.7818
16,2048,228,226,90.8353
16,2048,230,2,69.3034
16,2048,230,4,99.2776
16,2048,230,6,100.1431
16,2048,230,8,117.2504
16,2048,230,10,118.4352
16,2048,230,12,156.0125
16,2048,230,14,134.8966
16,2048,230,16,147.9497
16,2048,230,18,139.7569
16,2048,230,20,143.1123
16,2048,230,22,140.6295
16,2048,230,24,170.745
16,2048,230,26,156.5688
16,2048,230,28,168.9757
16,2048,230,30,154.2457
16,2048,230,32,153.7565
16,2048,230,34,148.7068
16,2048,230,36,170.1614
16,2048,230,38,161.8068
16,2048,230,40,159.6997
16,2048,230,42,153.4825
16,2048,230,44,147.5394
16,2048,230,46,146.2072
16,2048,230,48,158.3169
16,2048,230,50,162.0153
16,2048,230,52,162.667
16,2048,230,54,149.9268
16,2048,230,56,145.5065
16,2048,230,58,153.7263
16,2048,230,60,156.4269
16,2048,230,62,155.7159
16,2048,230,64,154.6495
16,2048,230,66,149.7817
16,2048,230,68,149.2378
16,2048,230,70,143.1722
16,2048,230,72,150.7485
16,2048,230,74,149.0989
16,2048,230,76,146.6656
16,2048,230,78,142.981
16,2048,230,80,144.1023
16,2048,230,82,135.5557
16,2048,230,84,154.4362
16,2048,230,86,149.3939
16,2048,230,88,144.0584
16,2048,230,90,141.6101
16,2048,230,92,142.015
16,2048,230,94,138.3796
16,2048,230,96,147.8636
16,2048,230,98,135.6202
16,2048,230,100,138.2081
16,2048,230,102,135.1791
16,2048,230,104,134.7705
16,2048,230,106,138.2302
16,2048,230,108,133.0208
16,2048,230,110,130.457
16,2048,230,112,132.5453
16,2048,230,114,130.0966
16,2048,230,116,130.264
16,2048,230,118,130.6738
16,2048,230,120,134.3923
16,2048,230,122,138.6508
16,2048,230,124,126.4202
16,2048,230,126,127.8196
16,2048,230,128,127.4911
16,2048,230,130,121.9459
16,2048,230,132,134.1669
16,2048,230,134,130.5952
16,2048,230,136,125.076
16,2048,230,138,120.3537
16,2048,230,140,117.7635
16,2048,230,142,125.4846
16,2048,230,144,132.0291
16,2048,230,146,125.0712
16,2048,230,148,120.0017
16,2048,230,150,126.8562
16,2048,230,152,123.1867
16,2048,230,154,121.8526
16,2048,230,156,121.451
16,2048,230,158,119.8644
16,2048,230,160,115.3468
16,2048,230,162,114.2099
16,2048,230,164,114.7836
16,2048,230,166,118.0246
16,2048,230,168,122.3076
16,2048,230,170,121.5382
16,2048,230,172,119.9346
16,2048,230,174,114.1806
16,2048,230,176,111.2002
16,2048,230,178,114.443
16,2048,230,180,120.3575
16,2048,230,182,107.3336
16,2048,230,184,106.3501
16,2048,230,186,108.9079
16,2048,230,188,118.0987
16,2048,230,190,105.9458
16,2048,230,192,105.0254
16,2048,230,194,107.8152
16,2048,230,196,105.0958
16,2048,230,198,98.3607
16,2048,230,200,102.0739
16,2048,230,202,96.6547
16,2048,230,204,105.6373
16,2048,230,206,106.9682
16,2048,230,208,104.2305
16,2048,230,210,95.8761
16,2048,230,212,96.5996
16,2048,230,214,96.2784
16,2048,230,216,101.1897
16,2048,230,218,95.6214
16,2048,230,220,95.455
16,2048,230,222,94.245
16,2048,230,224,95.8584
16,2048,230,226,90.1623
16,2048,230,228,91.1738
16,2048,232,2,71.7193
16,2048,232,4,98.9552
16,2048,232,6,104.8747
16,2048,232,8,116.6406
16,2048,232,10,119.0251
16,2048,232,12,158.7592
16,2048,232,14,145.3377
16,2048,232,16,149.2798
16,2048,232,18,148.8836
16,2048,232,20,148.7982
16,2048,232,22,136.7312
16,2048,232,24,173.0592
16,2048,232,26,167.8013
16,2048,232,28,163.7805
16,2048,232,30,161.6964
16,2048,232,32,156.2551
16,2048,232,34,146.8587
16,2048,232,36,172.731
16,2048,232,38,169.8612
16,2048,232,40,162.2102
16,2048,232,42,153.3595
16,2048,232,44,154.9896
16,2048,232,46,148.4816
16,2048,232,48,152.5572
16,2048,232,50,157.3026
16,2048,232,52,165.1736
16,2048,232,54,154.1621
16,2048,232,56,151.7061
16,2048,232,58,147.0883
16,2048,232,60,160.0982
16,2048,232,62,163.6722
16,2048,232,64,149.2812
16,2048,232,66,144.0876
16,2048,232,68,156.7499
16,2048,232,70,144.587
16,2048,232,72,148.7472
16,2048,232,74,158.463
16,2048,232,76,140.7327
16,2048,232,78,145.7385
16,2048,232,80,147.3454
16,2048,232,82,140.6849
16,2048,232,84,145.899
16,2048,232,86,143.0774
16,2048,232,88,144.0308
16,2048,232,90,138.9174
16,2048,232,92,148.7911
16,2048,232,94,137.035
16,2048,232,96,145.3209
16,2048,232,98,140.1939
16,2048,232,100,144.271
16,2048,232,102,140.2172
16,2048,232,104,132.7611
16,2048,232,106,132.648
16,2048,232,108,134.2536
16,2048,232,110,128.5208
16,2048,232,112,131.8515
16,2048,232,114,128.4732
16,2048,232,116,132.976
16,2048,232,118,132.2377
16,2048,232,120,129.7067
16,2048,232,122,136.4366
16,2048,232,124,133.3747
16,2048,232,126,125.9638
16,2048,232,128,129.8768
16,2048,232,130,124.5272
16,2048,232,132,132.7286
16,2048,232,134,125.0972
16,2048,232,136,126.083
16,2048,232,138,125.5049
16,2048,232,140,122.9507
16,2048,232,142,129.3024
16,2048,232,144,122.6057
16,2048,232,146,121.6749
16,2048,232,148,121.8822
16,2048,232,150,119.099
16,2048,232,152,123.5955
16,2048,232,154,118.2465
16,2048,232,156,121.8199
16,2048,232,158,121.7813
16,2048,232,160,123.0978
16,2048,232,162,115.1316
16,2048,232,164,119.4479
16,2048,232,166,113.2537
16,2048,232,168,121.6768
16,2048,232,170,118.3535
16,2048,232,172,122.4212
16,2048,232,174,114.9168
16,2048,232,176,112.362
16,2048,232,178,110.8939
16,2048,232,180,112.7102
16,2048,232,182,113.5496
16,2048,232,184,108.6114
16,2048,232,186,107.3855
16,2048,232,188,108.0076
16,2048,232,190,111.4003
16,2048,232,192,108.5234
16,2048,232,194,108.7724
16,2048,232,196,110.2548
16,2048,232,198,105.3329
16,2048,232,200,104.6723
16,2048,232,202,101.4061
16,2048,232,204,102.0584
16,2048,232,206,101.9837
16,2048,232,208,105.5987
16,2048,232,210,100.5159
16,2048,232,212,103.6431
16,2048,232,214,98.6694
16,2048,232,216,95.3964
16,2048,232,218,98.2999
16,2048,232,220,98.1692
16,2048,232,222,98.8639
16,2048,232,224,96.8758
16,2048,232,226,93.7895
16,2048,232,228,88.8441
16,2048,232,230,93.3562
16,2048,234,2,70.3877
16,2048,234,4,100.4445
16,2048,234,6,101.3039
16,2048,234,8,112.4884
16,2048,234,10,108.1027
16,2048,234,12,156.191
16,2048,234,14,148.2838
16,2048,234,16,149.5279
16,2048,234,18,142.0839
16,2048,234,20,146.7374
16,2048,234,22,135.9914
16,2048,234,24,167.8192
16,2048,234,26,154.0161
16,2048,234,28,150.4386
16,2048,234,30,152.4397
16,2048,234,32,152.0029
16,2048,234,34,155.0044
16,2048,234,36,166.0906
16,2048,234,38,156.0701
16,2048,234,40,159.1807
16,2048,234,42,156.6164
16,2048,234,44,150.345
16,2048,234,46,145.3602
16,2048,234,48,163.8032
16,2048,234,50,154.7523
16,2048,234,52,151.3188
16,2048,234,54,156.7094
16,2048,234,56,148.1551
16,2048,234,58,146.0692
16,2048,234,60,155.3435
16,2048,234,62,147.8119
16,2048,234,64,154.0087
16,2048,234,66,142.6045
16,2048,234,68,143.9112
16,2048,234,70,139.4955
16,2048,234,72,150.3782
16,2048,234,74,156.0756
16,2048,234,76,141.3988
16,2048,234,78,144.1198
16,2048,234,80,141.2731
16,2048,234,82,135.657
16,2048,234,84,143.4426
16,2048,234,86,139.4201
16,2048,234,88,143.5001
16,2048,234,90,142.0519
16,2048,234,92,141.1863
16,2048,234,94,137.0757
16,2048,234,96,136.6071
16,2048,234,98,130.6199
16,2048,234,100,142.8576
16,2048,234,102,134.6267
16,2048,234,104,129.794
16,2048,234,106,130.1377
16,2048,234,108,132.058
16,2048,234,110,129.1922
16,2048,234,112,131.2019
16,2048,234,114,126.661
16,2048,234,116,124.0487
16,2048,234,118,125.4563
16,2048,234,120,134.4975
16,2048,234,122,127.17
16,2048,234,124,137.643
16,2048,234,126,130.8686
16,2048,234,128,132.708
16,2048,234,130,122.1356
16,2048,234,132,126.9473
16,2048,234,134,124.5463
16,2048,234,136,123.3188
16,2048,234,138,127.9114
16,2048,234,140,130.8924
16,2048,234,142,123.9405
16,2048,234,144,121.2199
16,2048,234,146,122.4867
16,2048,234,148,120.4322
16,2048,234,150,121.8381
16,2048,234,152,119.4307
16,2048,234,154,115.8384
16,2048,234,156,119.3477
16,2048,234,158,123.4561
16,2048,234,160,119.1774
16,2048,234,162,125.7752
16,2048,234,164,114.0113
16,2048,234,166,111.079
16,2048,234,168,114.9792
16,2048,234,170,116.0627
16,2048,234,172,113.2016
16,2048,234,174,111.7839
16,2048,234,176,108.1207
16,2048,234,178,115.0068
16,2048,234,180,109.9052
16,2048,234,182,109.8194
16,2048,234,184,115.2139
16,2048,234,186,111.7911
16,2048,234,188,112.7072
16,2048,234,190,104.1301
16,2048,234,192,103.3371
16,2048,234,194,105.4554
16,2048,234,196,103.1668
16,2048,234,198,104.4413
16,2048,234,200,99.2723
16,2048,234,202,99.4254
16,2048,234,204,102.501
16,2048,234,206,105.7753
16,2048,234,208,101.4035
16,2048,234,210,100.1088
16,2048,234,212,100.2745
16,2048,234,214,95.161
16,2048,234,216,96.3232
16,2048,234,218,93.5513
16,2048,234,220,96.5981
16,2048,234,222,88.5016
16,2048,234,224,91.3094
16,2048,234,226,94.4009
16,2048,234,228,95.6126
16,2048,234,230,89.9418
16,2048,234,232,89.4288
16,2048,236,2,67.0057
16,2048,236,4,97.4762
16,2048,236,6,102.7701
16,2048,236,8,111.8246
16,2048,236,10,109.8463
16,2048,236,12,156.4632
16,2048,236,14,142.7874
16,2048,236,16,144.7101
16,2048,236,18,144.4193
16,2048,236,20,145.0622
16,2048,236,22,138.4145
16,2048,236,24,166.8616
16,2048,236,26,161.0615
16,2048,236,28,161.4466
16,2048,236,30,162.8595
16,2048,236,32,152.6843
16,2048,236,34,148.7547
16,2048,236,36,154.4804
16,2048,236,38,157.7746
16,2048,236,40,156.9879
16,2048,236,42,153.4439
16,2048,236,44,151.8994
16,2048,236,46,143.8884
16,2048,236,48,152.1478
16,2048,236,50,158.5859
16,2048,236,52,155.5383
16,2048,236,54,138.4865
16,2048,236,56,155.822
16,2048,236,58,141.7403
16,2048,236,60,152.0776
16,2048,236,62,143.9243
16,2048,236,64,155.3649
16,2048,236,66,145.9669
16,2048,236,68,146.7097
16,2048,236,70,137.5217
16,2048,236,72,144.5609
16,2048,236,74,144.3835
16,2048,236,76,141.51
16,2048,236,78,144.4432
16,2048,236,80,137.6096
16,2048,236,82,142.4195
16,2048,236,84,141.8377
16,2048,236,86,140.8117
16,2048,236,88,141.2839
16,2048,236,90,138.3577
16,2048,236,92,139.307
16,2048,236,94,131.222
16,2048,236,96,139.8282
16,2048,236,98,135.4709
16,2048,236,100,134.5546
16,2048,236,102,134.4928
16,2048,236,104,133.3185
16,2048,236,106,131.481
16,2048,236,108,137.0751
16,2048,236,110,129.6716
16,2048,236,112,125.1723
16,2048,236,114,129.0103
16,2048,236,116,129.1952
16,2048,236,118,128.0409
16,2048,236,120,129.8881
16,2048,236,122,124.3044
16,2048,236,124,128.8521
16,2048,236,126,126.9573
16,2048,236,128,124.8717
16,2048,236,130,119.8477
16,2048,236,132,125.5101
16,2048,236,134,130.1813
16,2048,236,136,122.4046
16,2048,236,138,122.4954
16,2048,236,140,129.5475
16,2048,236,142,123.7426
16,2048,236,144,130.2694
16,2048,236,146,120.6822
16,2048,236,148,118.9033
16,2048,236,150,115.8933
16,2048,236,152,119.2571
16,2048,236,154,119.1835
16,2048,236,156,124.8227
16,2048,236,158,125.1702
16,2048,236,160,110.934
16,2048,236,162,112.2841
16,2048,236,164,119.0424
16,2048,236,166,121.8142
16,2048,236,168,113.9485
16,2048,236,170,117.4955
16,2048,236,172,116.6452
16,2048,236,174,113.1731
16,2048,236,176,114.7882
16,2048,236,178,110.3759
16,2048,236,180,107.9379
16,2048,236,182,107.0677
16,2048,236,184,107.9557
16,2048,236,186,113.6354
16,2048,236,188,110.9234
16,2048,236,190,101.06
16,2048,236,192,105.8575
16,2048,236,194,104.8705
16,2048,236,196,100.239
16,2048,236,198,102.583
16,2048,236,200,103.2768
16,2048,236,202,99.6522
16,2048,236,204,104.6501
16,2048,236,206,98.2568
16,2048,236,208,90.8278
16,2048,236,210,97.8687
16,2048,236,212,104.6362
16,2048,236,214,97.2688
16,2048,236,216,94.9479
16,2048,236,218,95.7679
16,2048,236,220,94.1217
16,2048,236,222,94.9836
16,2048,236,224,94.5476
16,2048,236,226,91.4138
16,2048,236,228,92.9627
16,2048,236,230,91.6721
16,2048,236,232,90.8267
16,2048,236,234,89.8696
16,2048,238,2,70.8095
16,2048,238,4,96.0928
16,2048,238,6,101.2488
16,2048,238,8,103.4571
16,2048,238,10,113.5891
16,2048,238,12,151.1827
16,2048,238,14,152.2298
16,2048,238,16,143.7695
16,2048,238,18,136.7202
16,2048,238,20,140.0851
16,2048,238,22,137.2276
16,2048,238,24,158.7158
16,2048,238,26,165.0278
16,2048,238,28,154.1527
16,2048,238,30,150.0953
16,2048,238,32,153.8207
16,2048,238,34,144.4722
16,2048,238,36,161.0074
16,2048,238,38,164.8857
16,2048,238,40,158.442
16,2048,238,42,153.8488
16,2048,238,44,147.2429
16,2048,238,46,145.774
16,2048,238,48,152.4114
16,2048,238,50,147.7092
16,2048,238,52,147.6862
16,2048,238,54,141.223
16,2048,238,56,154.4904
16,2048,238,58,140.1951
16,2048,238,60,149.4556
16,2048,238,62,149.4896
16,2048,238,64,145.2825
16,2048,238,66,143.1555
16,2048,238,68,140.8988
16,2048,238,70,137.18
16,2048,238,72,143.2209
16,2048,238,74,149.4547
16,2048,238,76,140.6595
16,2048,238,78,139.884
16,2048,238,80,143.8444
16,2048,238,82,137.1142
16,2048,238,84,138.2224
16,2048,238,86,142.4951
16,2048,238,88,131.3111
16,2048,238,90,138.3859
16,2048,238,92,133.8859
16,2048,238,94,139.9455
16,2048,238,96,133.7438
16,2048,238,98,144.1494
16,2048,238,100,141.1766
16,2048,238,102,132.2366
16,2048,238,104,127.7768
16,2048,238,106,129.1847
16,2048,238,108,130.2675
16,2048,238,110,123.8208
16,2048,238,112,126.7058
16,2048,238,114,124.4512
16,2048,238,116,123.2907
16,2048,238,118,117.2798
16,2048,238,120,123.8367
16,2048,238,122,122.1419
16,2048,238,124,126.0625
16,2048,238,126,126.0246
16,2048,238,128,123.58
16,2048,238,130,124.6445
16,2048,238,132,124.7805
16,2048,238,134,119.2662
16,2048,238,136,119.1122
16,2048,238,138,117.3361
16,2048,238,140,120.0623
16,2048,238,142,127.5458
16,2048,238,144,118.218
16,2048,238,146,119.562
16,2048,238,148,115.307
16,2048,238,150,122.9171
16,2048,238,152,119.3659
16,2048,238,154,124.5818
16,2048,238,156,118.8636
16,2048,238,158,117.6685
16,2048,238,160,119.4346
16,2048,238,162,114.4964
16,2048,238,164,117.0632
16,2048,238,166,117.5827
16,2048,238,168,111.7855
16,2048,238,170,110.3767
16,2048,238,172,110.1431
16,2048,238,174,110.6927
16,2048,238,176,109.498
16,2048,238,178,109.7731
16,2048,238,180,109.5582
16,2048,238,182,105.5188
16,2048,238,184,112.8592
16,2048,238,186,110.6335
16,2048,238,188,107.5221
16,2048,238,190,103.375
16,2048,238,192,105.5099
16,2048,238,194,103.184
16,2048,238,196,103.247
16,2048,238,198,104.4832
16,2048,238,200,103.9204
16,2048,238,202,100.3718
16,2048,238,204,100.3598
16,2048,238,206,102.5561
16,2048,238,208,98.6483
16,2048,238,210,99.7219
16,2048,238,212,95.332
16,2048,238,214,101.1846
16,2048,238,216,99.2587
16,2048,238,218,94.3848
16,2048,238,220,95.2611
16,2048,238,222,92.0449
16,2048,238,224,93.427
16,2048,238,226,89.1323
16,2048,238,228,90.237
16,2048,238,230,92.7368
16,2048,238,232,93.1757
16,2048,238,234,90.1767
16,2048,238,236,89.4272
16,2048,240,2,70.2454
16,2048,240,4,94.8017
16,2048,240,6,99.6635
16,2048,240,8,116.0427
16,2048,240,10,117.0497
16,2048,240,12,166.2221
16,2048,240,14,146.5787
16,2048,240,16,152.0746
16,2048,240,18,151.6569
16,2048,240,20,150.5749
16,2048,240,22,137.9493
16,2048,240,24,186.668
16,2048,240,26,162.4468
16,2048,240,28,164.2505
16,2048,240,30,158.5249
16,2048,240,32,157.2639
16,2048,240,34,147.0225
16,2048,240,36,169.3931
16,2048,240,38,164.3541
16,2048,240,40,157.5592
16,2048,240,42,164.5504
16,2048,240,44,150.3653
16,2048,240,46,146.0036
16,2048,240,48,168.0676
16,2048,240,50,164.0915
16,2048,240,52,155.3682
16,2048,240,54,157.3134
16,2048,240,56,146.5878
16,2048,240,58,143.9942
16,2048,240,60,156.8065
16,2048,240,62,147.3187
16,2048,240,64,158.3439
16,2048,240,66,143.4803
16,2048,240,68,144.3018
16,2048,240,70,137.9846
16,2048,240,72,153.5031
16,2048,240,74,148.3065
16,2048,240,76,143.7875
16,2048,240,78,138.962
16,2048,240,80,142.2033
16,2048,240,82,139.0601
16,2048,240,84,152.9717
16,2048,240,86,142.7568
16,2048,240,88,142.6772
16,2048,240,90,142.8602
16,2048,240,92,135.1801
16,2048,240,94,131.473
16,2048,240,96,141.9302
16,2048,240,98,137.3675
16,2048,240,100,135.1868
16,2048,240,102,132.3434
16,2048,240,104,128.3191
16,2048,240,106,123.6742
16,2048,240,108,131.4641
16,2048,240,110,120.5118
16,2048,240,112,123.8727
16,2048,240,114,125.2286
16,2048,240,116,125.9038
16,2048,240,118,126.554
16,2048,240,120,130.3578
16,2048,240,122,127.2286
16,2048,240,124,132.8683
16,2048,240,126,117.7646
16,2048,240,128,127.9187
16,2048,240,130,127.1207
16,2048,240,132,124.1044
16,2048,240,134,129.4808
16,2048,240,136,124.018
16,2048,240,138,123.2073
16,2048,240,140,124.9163
16,2048,240,142,129.5991
16,2048,240,144,123.4793
16,2048,240,146,119.1413
16,2048,240,148,123.6245
16,2048,240,150,121.1099
16,2048,240,152,114.1674
16,2048,240,154,117.7928
16,2048,240,156,119.7557
16,2048,240,158,115.5482
16,2048,240,160,117.0678
16,2048,240,162,119.1759
16,2048,240,164,112.7885
16,2048,240,166,112.8957
16,2048,240,168,122.2533
16,2048,240,170,107.8923
16,2048,240,172,116.6057
16,2048,240,174,109.1507
16,2048,240,176,113.2354
16,2048,240,178,109.5101
16,2048,240,180,113.2668
16,2048,240,182,104.4188
16,2048,240,184,107.0079
16,2048,240,186,101.1278
16,2048,240,188,107.613
16,2048,240,190,104.9747
16,2048,240,192,114.0479
16,2048,240,194,101.8931
16,2048,240,196,100.4007
16,2048,240,198,102.1482
16,2048,240,200,107.4234
16,2048,240,202,104.9224
16,2048,240,204,105.6176
16,2048,240,206,104.9107
16,2048,240,208,99.2357
16,2048,240,210,99.7899
16,2048,240,212,99.8656
16,2048,240,214,93.6315
16,2048,240,216,96.3248
16,2048,240,218,93.89
16,2048,240,220,96.8473
16,2048,240,222,96.0493
16,2048,240,224,96.9153
16,2048,240,226,94.6134
16,2048,240,228,93.5942
16,2048,240,230,91.4442
16,2048,240,232,88.7029
16,2048,240,234,89.9051
16,2048,240,236,89.5761
16,2048,240,238,95.5734
16,2048,242,2,69.8782
16,2048,242,4,98.0026
16,2048,242,6,100.772
16,2048,242,8,108.2543
16,2048,242,10,109.2559
16,2048,242,12,149.7525
16,2048,242,14,142.7751
16,2048,242,16,145.8491
16,2048,242,18,139.677
16,2048,242,20,137.4416
16,2048,242,22,133.4768
16,2048,242,24,165.7175
16,2048,242,26,165.9236
16,2048,242,28,160.1792
16,2048,242,30,144.683
16,2048,242,32,157.7147
16,2048,242,34,143.6003
16,2048,242,36,163.3058
16,2048,242,38,162.3475
16,2048,242,40,147.4564
16,2048,242,42,149.1933
16,2048,242,44,153.4124
16,2048,242,46,141.3023
16,2048,242,48,163.9378
16,2048,242,50,147.6539
16,2048,242,52,147.3372
16,2048,242,54,151.5032
16,2048,242,56,143.8806
16,2048,242,58,147.1013
16,2048,242,60,157.3809
16,2048,242,62,148.4507
16,2048,242,64,142.83
16,2048,242,66,147.6021
16,2048,242,68,139.5645
16,2048,242,70,142.4069
16,2048,242,72,145.9833
16,2048,242,74,140.1836
16,2048,242,76,142.2068
16,2048,242,78,137.1298
16,2048,242,80,135.3237
16,2048,242,82,137.0403
16,2048,242,84,137.9389
16,2048,242,86,138.8682
16,2048,242,88,141.7289
16,2048,242,90,135.3698
16,2048,242,92,134.6729
16,2048,242,94,137.0557
16,2048,242,96,135.7856
16,2048,242,98,141.625
16,2048,242,100,139.5782
16,2048,242,102,132.7111
16,2048,242,104,134.6592
16,2048,242,106,125.0169
16,2048,242,108,128.6618
16,2048,242,110,124.6369
16,2048,242,112,128.4584
16,2048,242,114,125.3349
16,2048,242,116,124.6453
16,2048,242,118,114.1935
16,2048,242,120,120.7547
16,2048,242,122,124.5943
16,2048,242,124,120.117
16,2048,242,126,119.968
16,2048,242,128,117.8458
16,2048,242,130,119.9456
16,2048,242,132,122.0505
16,2048,242,134,127.7728
16,2048,242,136,122.0096
16,2048,242,138,118.5771
16,2048,242,140,120.9177
16,2048,242,142,118.6496
16,2048,242,144,121.575
16,2048,242,146,121.7001
16,2048,242,148,118.4705
16,2048,242,150,119.9662
16,2048,242,152,125.3467
16,2048,242,154,115.9536
16,2048,242,156,121.011
16,2048,242,158,119.3681
16,2048,242,160,115.0942
16,2048,242,162,120.0443
16,2048,242,164,116.5538
16,2048,242,166,114.2731
16,2048,242,168,112.8048
16,2048,242,170,113.5101
16,2048,242,172,110.9402
16,2048,242,174,111.4673
16,2048,242,176,107.4718
16,2048,242,178,107.0181
16,2048,242,180,113.7916
16,2048,242,182,114.7813
16,2048,242,184,107.135
16,2048,242,186,105.2332
16,2048,242,188,103.1901
16,2048,242,190,105.3749
16,2048,242,192,106.4039
16,2048,242,194,107.6108
16,2048,242,196,99.0606
16,2048,242,198,106.1746
16,2048,242,200,102.0216
16,2048,242,202,94.7302
16,2048,242,204,101.2169
16,2048,242,206,101.2047
16,2048,242,208,101.3992
16,2048,242,210,98.0121
16,2048,242,212,98.6488
16,2048,242,214,95.5368
16,2048,242,216,95.5042
16,2048,242,218,94.2535
16,2048,242,220,97.6649
16,2048,242,222,96.4965
16,2048,242,224,94.1865
16,2048,242,226,92.5426
16,2048,242,228,90.3374
16,2048,242,230,92.8972
16,2048,242,232,87.6509
16,2048,242,234,88.5938
16,2048,242,236,87.1459
16,2048,242,238,81.5092
16,2048,242,240,86.3989
16,2048,244,2,68.8175
16,2048,244,4,92.4339
16,2048,244,6,99.1512
16,2048,244,8,108.6818
16,2048,244,10,107.9054
16,2048,244,12,147.5701
16,2048,244,14,149.9716
16,2048,244,16,143.6879
16,2048,244,18,138.0266
16,2048,244,20,143.6762
16,2048,244,22,136.8777
16,2048,244,24,163.7096
16,2048,244,26,156.3109
16,2048,244,28,167.6156
16,2048,244,30,150.2975
16,2048,244,32,147.7508
16,2048,244,34,142.103
16,2048,244,36,162.634
16,2048,244,38,158.0556
16,2048,244,40,164.9612
16,2048,244,42,158.8132
16,2048,244,44,149.1685
16,2048,244,46,143.1682
16,2048,244,48,152.961
16,2048,244,50,160.6784
16,2048,244,52,153.4778
16,2048,244,54,141.4999
16,2048,244,56,145.6692
16,2048,244,58,141.9108
16,2048,244,60,158.15
16,2048,244,62,143.4067
16,2048,244,64,145.5923
16,2048,244,66,145.7708
16,2048,244,68,139.329
16,2048,244,70,137.0374
16,2048,244,72,141.9114
16,2048,244,74,138.2885
16,2048,244,76,138.7303
16,2048,244,78,132.84
16,2048,244,80,131.5475
16,2048,244,82,139.4445
16,2048,244,84,138.6479
16,2048,244,86,140.6736
16,2048,244,88,135.2998
16,2048,244,90,137.2522
16,2048,244,92,133.5313
16,2048,244,94,126.9761
16,2048,244,96,138.3657
16,2048,244,98,137.1731
16,2048,244,100,139.3263
16,2048,244,102,133.8535
16,2048,244,104,130.3312
16,2048,244,106,128.5182
16,2048,244,108,138.298
16,2048,244,110,129.4941
16,2048,244,112,128.2066
16,2048,244,114,121.5058
16,2048,244,116,122.8704
16,2048,244,118,124.2023
16,2048,244,120,132.4606
16,2048,244,122,119.3636
16,2048,244,124,123.3899
16,2048,244,126,119.1845
16,2048,244,128,116.2638
16,2048,244,130,116.8236
16,2048,244,132,124.1489
16,2048,244,134,117.2818
16,2048,244,136,119.7326
16,2048,244,138,121.5021
16,2048,244,140,118.5227
16,2048,244,142,123.6401
16,2048,244,144,122.1842
16,2048,244,146,116.4482
16,2048,244,148,119.9212
16,2048,244,150,115.1397
16,2048,244,152,110.2812
16,2048,244,154,119.9105
16,2048,244,156,117.0624
16,2048,244,158,120.3037
16,2048,244,160,119.6929
16,2048,244,162,119.5039
16,2048,244,164,112.4859
16,2048,244,166,111.4603
16,2048,244,168,112.1522
16,2048,244,170,113.8544
16,2048,244,172,113.3078
16,2048,244,174,107.8242
16,2048,244,176,105.5996
16,2048,244,178,107.9045
16,2048,244,180,109.7128
16,2048,244,182,111.6969
16,2048,244,184,110.6858
16,2048,244,186,107.2528
16,2048,244,188,110.0129
16,2048,244,190,103.0555
16,2048,244,192,104.7185
16,2048,244,194,106.3133
16,2048,244,196,103.117
16,2048,244,198,99.4114
16,2048,244,200,102.0614
16,2048,244,202,99.2292
16,2048,244,204,102.073
16,2048,244,206,95.5901
16,2048,244,208,98.1238
16,2048,244,210,96.5365
16,2048,244,212,100.3566
16,2048,244,214,95.1002
16,2048,244,216,97.8703
16,2048,244,218,96.687
16,2048,244,220,95.5889
16,2048,244,222,91.4343
16,2048,244,224,95.2032
16,2048,244,226,90.3252
16,2048,244,228,90.5445
16,2048,244,230,91.2008
16,2048,244,232,89.7096
16,2048,244,234,85.8158
16,2048,244,236,86.4383
16,2048,244,238,84.2472
16,2048,244,240,84.0385
16,2048,244,242,83.6507
16,2048,246,2,66.7884
16,2048,246,4,91.0661
16,2048,246,6,96.6646
16,2048,246,8,108.2485
16,2048,246,10,107.0942
16,2048,246,12,151.243
16,2048,246,14,138.798
16,2048,246,16,143.8156
16,2048,246,18,144.209
16,2048,246,20,131.3289
16,2048,246,22,131.2176
16,2048,246,24,157.843
16,2048,246,26,153.0092
16,2048,246,28,153.222
16,2048,246,30,147.8578
16,2048,246,32,149.0393
16,2048,246,34,136.3696
16,2048,246,36,163.2957
16,2048,246,38,157.7019
16,2048,246,40,154.788
16,2048,246,42,148.7141
16,2048,246,44,147.1791
16,2048,246,46,145.9182
16,2048,246,48,145.5921
16,2048,246,50,146.7717
16,2048,246,52,145.608
16,2048,246,54,146.7495
16,2048,246,56,137.2967
16,2048,246,58,149.0714
16,2048,246,60,144.5455
16,2048,246,62,143.0149
16,2048,246,64,137.8869
16,2048,246,66,144.9544
16,2048,246,68,135.5791
16,2048,246,70,145.3957
16,2048,246,72,134.4106
16,2048,246,74,152.8198
16,2048,246,76,130.9085
16,2048,246,78,134.9759
16,2048,246,80,136.3324
16,2048,246,82,131.8411
16,2048,246,84,134.8115
16,2048,246,86,137.3272
16,2048,246,88,134.3215
16,2048,246,90,132.5767
16,2048,246,92,133.6422
16,2048,246,94,129.3155
16,2048,246,96,136.8466
16,2048,246,98,134.3604
16,2048,246,100,129.1105
16,2048,246,102,133.7112
16,2048,246,104,134.5493
16,2048,246,106,124.014
16,2048,246,108,122.4255
16,2048,246,110,126.6559
16,2048,246,112,126.2088
16,2048,246,114,124.8477
16,2048,246,116,117.5042
16,2048,246,118,117.7577
16,2048,246,120,114.1247
16,2048,246,122,125.2151
16,2048,246,124,116.8419
16,2048,246,126,113.9246
16,2048,246,128,120.0245
16,2048,246,130,122.9882
16,2048,246,132,118.3238
16,2048,246,134,116.554
16,2048,246,136,111.1469
16,2048,246,138,121.9212
16,2048,246,140,114.9327
16,2048,246,142,111.6425
16,2048,246,144,118.8576
16,2048,246,146,115.9442
16,2048,246,148,117.6644
16,2048,246,150,117.8017
16,2048,246,152,114.7002
16,2048,246,154,109.0917
16,2048,246,156,113.9473
16,2048,246,158,111.4047
16,2048,246,160,114.607
16,2048,246,162,117.0074
16,2048,246,164,114.1355
16,2048,246,166,111.6935
16,2048,246,168,111.6739
16,2048,246,170,109.5951
16,2048,246,172,111.3094
16,2048,246,174,113.1662
16,2048,246,176,104.5552
16,2048,246,178,105.575
16,2048,246,180,107.044
16,2048,246,182,107.7133
16,2048,246,184,109.9091
16,2048,246,186,105.9001
16,2048,246,188,108.9445
16,2048,246,190,108.2271
16,2048,246,192,104.8022
16,2048,246,194,102.4057
16,2048,246,196,94.1898
16,2048,246,198,99.9783
16,2048,246,200,98.6846
16,2048,246,202,97.8347
16,2048,246,204,95.5359
16,2048,246,206,95.9585
16,2048,246,208,96.7408
16,2048,246,210,95.2988
16,2048,246,212,93.9436
16,2048,246,214,94.445
16,2048,246,216,94.3309
16,2048,246,218,97.6094
16,2048,246,220,90.7318
16,2048,246,222,92.9821
16,2048,246,224,93.4921
16,2048,246,226,87.5642
16,2048,246,228,93.1713
16,2048,246,230,92.1961
16,2048,246,232,89.6247
16,2048,246,234,89.8265
16,2048,246,236,87.1969
16,2048,246,238,83.9114
16,2048,246,240,84.3989
16,2048,246,242,83.3951
16,2048,246,244,88.6133
16,2048,248,2,67.8066
16,2048,248,4,93.9878
16,2048,248,6,100.5473
16,2048,248,8,110.0787
16,2048,248,10,103.4394
16,2048,248,12,148.6667
16,2048,248,14,141.6831
16,2048,248,16,149.7566
16,2048,248,18,137.3625
16,2048,248,20,133.009
16,2048,248,22,129.3597
16,2048,248,24,160.8953
16,2048,248,26,155.5175
16,2048,248,28,157.9464
16,2048,248,30,152.0661
16,2048,248,32,153.0555
16,2048,248,34,138.0999
16,2048,248,36,154.9849
16,2048,248,38,156.2054
16,2048,248,40,150.8681
16,2048,248,42,145.7056
16,2048,248,44,146.723
16,2048,248,46,143.3022
16,2048,248,48,152.3324
16,2048,248,50,147.9381
16,2048,248,52,153.5092
16,2048,248,54,144.9435
16,2048,248,56,150.5511
16,2048,248,58,143.6877
16,2048,248,60,139.9722
16,2048,248,62,145.4071
16,2048,248,64,142.7256
16,2048,248,66,131.5251
16,2048,248,68,134.4295
16,2048,248,70,147.0397
16,2048,248,72,137.4977
16,2048,248,74,145.115
16,2048,248,76,143.0111
16,2048,248,78,141.9163
16,2048,248,80,138.7592
16,2048,248,82,134.7098
16,2048,248,84,142.972
16,2048,248,86,140.5972
16,2048,248,88,137.5008
16,2048,248,90,126.1401
16,2048,248,92,137.7634
16,2048,248,94,134.8636
16,2048,248,96,143.6523
16,2048,248,98,137.5894
16,2048,248,100,135.7058
16,2048,248,102,128.4455
16,2048,248,104,126.2437
16,2048,248,106,125.0609
16,2048,248,108,129.7052
16,2048,248,110,124.8089
16,2048,248,112,127.5029
16,2048,248,114,126.1542
16,2048,248,116,120.8664
16,2048,248,118,117.0097
16,2048,248,120,125.6963
16,2048,248,122,115.5287
16,2048,248,124,122.1779
16,2048,248,126,119.118
16,2048,248,128,121.969
16,2048,248,130,112.2012
16,2048,248,132,121.3211
16,2048,248,134,120.6065
16,2048,248,136,122.0979
16,2048,248,138,115.0506
16,2048,248,140,113.9091
16,2048,248,142,115.4084
16,2048,248,144,120.617
16,2048,248,146,117.0608
16,2048,248,148,115.7786
16,2048,248,150,117.3567
16,2048,248,152,114.2368
16,2048,248,154,111.9701
16,2048,248,156,106.9684
16,2048,248,158,115.3281
16,2048,248,160,113.2134
16,2048,248,162,112.5948
16,2048,248,164,110.3314
16,2048,248,166,111.6124
16,2048,248,168,110.3668
16,2048,248,170,106.0613
16,2048,248,172,108.6692
16,2048,248,174,106.449
16,2048,248,176,107.7365
16,2048,248,178,106.8207
16,2048,248,180,111.836
16,2048,248,182,103.6264
16,2048,248,184,106.1388
16,2048,248,186,105.6715
16,2048,248,188,103.5006
16,2048,248,190,101.2893
16,2048,248,192,100.8577
16,2048,248,194,101.9017
16,2048,248,196,102.5231
16,2048,248,198,98.7129
16,2048,248,200,98.7981
16,2048,248,202,98.2243
16,2048,248,204,97.6421
16,2048,248,206,98.9917
16,2048,248,208,99.7054
16,2048,248,210,97.6873
16,2048,248,212,92.5691
16,2048,248,214,91.9908
16,2048,248,216,92.8194
16,2048,248,218,90.0481
16,2048,248,220,96.7762
16,2048,248,222,92.4048
16,2048,248,224,89.9154
16,2048,248,226,89.6136
16,2048,248,228,89.217
16,2048,248,230,86.1768
16,2048,248,232,84.1209
16,2048,248,234,85.9451
16,2048,248,236,86.4716
16,2048,248,238,89.3728
16,2048,248,240,88.444
16,2048,248,242,85.0386
16,2048,248,244,87.4338
16,2048,248,246,81.6956
16,2048,250,2,66.523
16,2048,250,4,90.5492
16,2048,250,6,98.9774
16,2048,250,8,104.9151
16,2048,250,10,104.2442
16,2048,250,12,134.4292
16,2048,250,14,141.3538
16,2048,250,16,131.1521
16,2048,250,18,130.2704
16,2048,250,20,136.3879
16,2048,250,22,130.6706
16,2048,250,24,154.7276
16,2048,250,26,148.5976
16,2048,250,28,157.4143
16,2048,250,30,139.8575
16,2048,250,32,148.2334
16,2048,250,34,139.3924
16,2048,250,36,162.7971
16,2048,250,38,152.4684
16,2048,250,40,146.3064
16,2048,250,42,144.7683
16,2048,250,44,146.0967
16,2048,250,46,139.5319
16,2048,250,48,152.1361
16,2048,250,50,148.7606
16,2048,250,52,144.8231
16,2048,250,54,141.38
16,2048,250,56,136.1027
16,2048,250,58,135.923
16,2048,250,60,141.6477
16,2048,250,62,147.4733
16,2048,250,64,149.8612
16,2048,250,66,138.6254
16,2048,250,68,134.661
16,2048,250,70,134.3513
16,2048,250,72,134.7663
16,2048,250,74,141.9336
16,2048,250,76,141.3849
16,2048,250,78,132.0486
16,2048,250,80,133.3004
16,2048,250,82,131.5361
16,2048,250,84,130.931
16,2048,250,86,140.5068
16,2048,250,88,139.1519
16,2048,250,90,130.5433
16,2048,250,92,128.6334
16,2048,250,94,130.9842
16,2048,250,96,136.0498
16,2048,250,98,130.04
16,2048,250,100,126.7063
16,2048,250,102,129.2429
16,2048,250,104,123.6564
16,2048,250,106,125.8086
16,2048,250,108,127.1626
16,2048,250,110,125.2006
16,2048,250,112,124.3364
16,2048,250,114,122.4731
16,2048,250,116,123.6432
16,2048,250,118,119.158
16,2048,250,120,112.2651
16,2048,250,122,117.7622
16,2048,250,124,115.8277
16,2048,250,126,118.5587
16,2048,250,128,122.4005
16,2048,250,130,115.3296
16,2048,250,132,118.5519
16,2048,250,134,114.4931
16,2048,250,136,116.0077
16,2048,250,138,114.1997
16,2048,250,140,116.2281
16,2048,250,142,113.657
16,2048,250,144,113.7016
16,2048,250,146,113.5818
16,2048,250,148,110.2225
16,2048,250,150,110.0911
16,2048,250,152,108.8391
16,2048,250,154,112.4657
16,2048,250,156,114.4032
16,2048,250,158,108.7991
16,2048,250,160,109.6349
16,2048,250,162,109.5685
16,2048,250,164,109.8301
16,2048,250,166,108.3898
16,2048,250,168,107.4076
16,2048,250,170,103.2696
16,2048,250,172,109.2041
16,2048,250,174,108.2618
16,2048,250,176,109.6304
16,2048,250,178,111.3722
16,2048,250,180,99.8069
16,2048,250,182,103.0484
16,2048,250,184,104.2262
16,2048,250,186,100.6875
16,2048,250,188,102.3469
16,2048,250,190,102.4684
16,2048,250,192,101.0912
16,2048,250,194,97.4562
16,2048,250,196,100.0317
16,2048,250,198,93.6941
16,2048,250,200,98.1339
16,2048,250,202,101.3745
16,2048,250,204,92.1717
16,2048,250,206,102.3012
16,2048,250,208,96.3185
16,2048,250,210,96.9278
16,2048,250,212,97.0599
16,2048,250,214,95.5591
16,2048,250,216,91.1343
16,2048,250,218,89.1928
16,2048,250,220,89.3475
16,2048,250,222,93.0518
16,2048,250,224,90.0318
16,2048,250,226,89.9774
16,2048,250,228,86.2596
16,2048,250,230,88.5428
16,2048,250,232,86.7461
16,2048,250,234,86.5492
16,2048,250,236,84.518
16,2048,250,238,86.3943
16,2048,250,240,89.4492
16,2048,250,242,86.9081
16,2048,250,244,85.8479
16,2048,250,246,88.2082
16,2048,250,248,86.9678
16,2048,252,2,65.5491
16,2048,252,4,92.0425
16,2048,252,6,97.2695
16,2048,252,8,106.3913
16,2048,252,10,105.8917
16,2048,252,12,152.2029
16,2048,252,14,145.6962
16,2048,252,16,149.5166
16,2048,252,18,148.9017
16,2048,252,20,137.6511
16,2048,252,22,127.3568
16,2048,252,24,175.5141
16,2048,252,26,165.4604
16,2048,252,28,154.1453
16,2048,252,30,149.8976
16,2048,252,32,149.7833
16,2048,252,34,137.8004
16,2048,252,36,166.8197
16,2048,252,38,159.617
16,2048,252,40,158.6625
16,2048,252,42,153.2049
16,2048,252,44,142.4265
16,2048,252,46,139.1505
16,2048,252,48,158.7643
16,2048,252,50,150.5846
16,2048,252,52,153.4886
16,2048,252,54,142.7728
16,2048,252,56,138.3226
16,2048,252,58,137.9359
16,2048,252,60,149.9341
16,2048,252,62,142.9845
16,2048,252,64,138.7569
16,2048,252,66,144.1127
16,2048,252,68,141.4508
16,2048,252,70,136.5856
16,2048,252,72,145.1325
16,2048,252,74,142.2271
16,2048,252,76,132.7237
16,2048,252,78,129.577
16,2048,252,80,135.8143
16,2048,252,82,129.3447
16,2048,252,84,145.1864
16,2048,252,86,131.915
16,2048,252,88,139.8234
16,2048,252,90,134.9136
16,2048,252,92,129.26
16,2048,252,94,131.2435
16,2048,252,96,144.0185
16,2048,252,98,139.8212
16,2048,252,100,133.6961
16,2048,252,102,127.143
16,2048,252,104,129.6305
16,2048,252,106,132.4882
16,2048,252,108,132.8212
16,2048,252,110,126.477
16,2048,252,112,130.606
16,2048,252,114,123.2602
16,2048,252,116,115.4095
16,2048,252,118,126.4044
16,2048,252,120,119.4847
16,2048,252,122,114.6076
16,2048,252,124,117.8929
16,2048,252,126,117.8268
16,2048,252,128,120.4059
16,2048,252,130,114.1028
16,2048,252,132,120.1884
16,2048,252,134,121.578
16,2048,252,136,111.8763
16,2048,252,138,119.6038
16,2048,252,140,117.6333
16,2048,252,142,119.247
16,2048,252,144,116.4367
16,2048,252,146,112.4446
16,2048,252,148,117.5246
16,2048,252,150,113.3904
16,2048,252,152,115.7761
16,2048,252,154,116.588
16,2048,252,156,113.0344
16,2048,252,158,115.7035
16,2048,252,160,117.5797
16,2048,252,162,111.7003
16,2048,252,164,114.2637
16,2048,252,166,106.6167
16,2048,252,168,112.2069
16,2048,252,170,114.9736
16,2048,252,172,108.5634
16,2048,252,174,102.0081
16,2048,252,176,107.8588
16,2048,252,178,102.686
16,2048,252,180,105.5704
16,2048,252,182,106.9265
16,2048,252,184,101.9258
16,2048,252,186,102.0454
16,2048,252,188,105.5296
16,2048,252,190,101.6161
16,2048,252,192,101.8521
16,2048,252,194,101.1082
16,2048,252,196,99.3367
16,2048,252,198,101.3691
16,2048,252,200,97.879
16,2048,252,202,100.3206
16,2048,252,204,97.8527
16,2048,252,206,96.9053
16,2048,252,208,91.4199
16,2048,252,210,93.9794
16,2048,252,212,91.3875
16,2048,252,214,90.3779
16,2048,252,216,99.6408
16,2048,252,218,91.4087
16,2048,252,220,94.3842
16,2048,252,222,89.4351
16,2048,252,224,92.2333
16,2048,252,226,92.1406
16,2048,252,228,96.777
16,2048,252,230,88.1142
16,2048,252,232,87.8267
16,2048,252,234,85.176
16,2048,252,236,89.3907
16,2048,252,238,84.6382
16,2048,252,240,86.8563
16,2048,252,242,88.5934
16,2048,252,244,84.839
16,2048,252,246,85.1194
16,2048,252,248,84.2866
16,2048,252,250,85.983
16,2048,254,2,63.6756
16,2048,254,4,91.2479
16,2048,254,6,97.238
16,2048,254,8,107.2808
16,2048,254,10,102.6057
16,2048,254,12,146.2746
16,2048,254,14,136.8876
16,2048,254,16,136.8931
16,2048,254,18,129.9974
16,2048,254,20,137.2113
16,2048,254,22,134.7338
16,2048,254,24,165.718
16,2048,254,26,149.8328
16,2048,254,28,151.8353
16,2048,254,30,148.7071
16,2048,254,32,149.6133
16,2048,254,34,144.0594
16,2048,254,36,155.9441
16,2048,254,38,147.8692
16,2048,254,40,156.457
16,2048,254,42,137.8269
16,2048,254,44,139.6897
16,2048,254,46,141.8947
16,2048,254,48,156.2599
16,2048,254,50,144.3085
16,2048,254,52,144.288
16,2048,254,54,140.6774
16,2048,254,56,142.3278
16,2048,254,58,137.0361
16,2048,254,60,143.9158
16,2048,254,62,144.372
16,2048,254,64,137.1037
16,2048,254,66,132.5557
16,2048,254,68,137.0476
16,2048,254,70,134.9163
16,2048,254,72,134.9708
16,2048,254,74,140.4108
16,2048,254,76,127.9878
16,2048,254,78,131.2437
16,2048,254,80,133.902
16,2048,254,82,127.3626
16,2048,254,84,130.7718
16,2048,254,86,132.5813
16,2048,254,88,127.2501
16,2048,254,90,127.124
16,2048,254,92,135.8526
16,2048,254,94,122.7852
16,2048,254,96,125.4961
16,2048,254,98,129.4063
16,2048,254,100,125.4321
16,2048,254,102,126.0263
16,2048,254,104,130.4781
16,2048,254,106,124.0672
16,2048,254,108,129.2165
16,2048,254,110,124.8267
16,2048,254,112,123.4695
16,2048,254,114,115.4444
16,2048,254,116,117.5714
16,2048,254,118,113.8922
16,2048,254,120,120.6231
16,2048,254,122,116.6442
16,2048,254,124,120.615
16,2048,254,126,110.79
16,2048,254,128,113.7183
16,2048,254,130,112.4018
16,2048,254,132,115.1947
16,2048,254,134,116.708
16,2048,254,136,108.3986
16,2048,254,138,116.5758
16,2048,254,140,112.401
16,2048,254,142,112.2185
16,2048,254,144,120.2709
16,2048,254,146,114.5886
16,2048,254,148,112.6549
16,2048,254,150,106.0201
16,2048,254,152,113.7771
16,2048,254,154,109.2482
16,2048,254,156,111.1437
16,2048,254,158,111.7642
16,2048,254,160,106.687
16,2048,254,162,107.1056
16,2048,254,164,109.2267
16,2048,254,166,104.4754
16,2048,254,168,110.1931
16,2048,254,170,109.4872
16,2048,254,172,100.224
16,2048,254,174,107.7273
16,2048,254,176,104.5095
16,2048,254,178,106.0235
16,2048,254,180,102.5701
16,2048,254,182,102.0595
16,2048,254,184,104.0353
16,2048,254,186,98.6799
16,2048,254,188,103.0519
16,2048,254,190,100.1017
16,2048,254,192,101.9731
16,2048,254,194,100.8759
16,2048,254,196,93.9515
16,2048,254,198,103.3929
16,2048,254,200,95.9318
16,2048,254,202,97.692
16,2048,254,204,95.8852
16,2048,254,206,95.5756
16,2048,254,208,92.4284
16,2048,254,210,98.6439
16,2048,254,212,93.0748
16,2048,254,214,91.9059
16,2048,254,216,88.7172
16,2048,254,218,92.394
16,2048,254,220,89.6124
16,2048,254,222,87.4173
16,2048,254,224,90.2512
16,2048,254,226,87.8081
16,2048,254,228,87.6692
16,2048,254,230,86.0472
16,2048,254,232,86.8521
16,2048,254,234,85.8246
16,2048,254,236,82.6673
16,2048,254,238,83.3964
16,2048,254,240,83.9679
16,2048,254,242,85.5273
16,2048,254,244,83.155
16,2048,254,246,80.3767
16,2048,254,248,81.2794
16,2048,254,250,78.7215
16,2048,254,252,81.9396
16,2048,256,2,66.9706
16,2048,256,4,84.1813
16,2048,256,6,91.3233
16,2048,256,8,96.3631
16,2048,256,10,104.2247
16,2048,256,12,140.9486
16,2048,256,14,131.6696
16,2048,256,16,138.5268
16,2048,256,18,126.8933
16,2048,256,20,128.2435
16,2048,256,22,117.3388
16,2048,256,24,157.542
16,2048,256,26,137.7757
16,2048,256,28,138.6414
16,2048,256,30,134.2656
16,2048,256,32,127.2211
16,2048,256,34,132.3223
16,2048,256,36,145.7058
16,2048,256,38,144.9669
16,2048,256,40,141.6539
16,2048,256,42,133.6227
16,2048,256,44,135.6722
16,2048,256,46,131.4003
16,2048,256,48,133.4803
16,2048,256,50,137.703
16,2048,256,52,138.179
16,2048,256,54,134.6118
16,2048,256,56,135.018
16,2048,256,58,118.1879
16,2048,256,60,133.8498
16,2048,256,62,129.1324
16,2048,256,64,129.5742
16,2048,256,66,130.7824
16,2048,256,68,129.509
16,2048,256,70,123.2234
16,2048,256,72,126.1802
16,2048,256,74,127.1076
16,2048,256,76,129.5036
16,2048,256,78,122.2659
16,2048,256,80,122.2889
16,2048,256,82,126.2807
16,2048,256,84,126.033
16,2048,256,86,130.8677
16,2048,256,88,128.3586
16,2048,256,90,121.5088
16,2048,256,92,123.4854
16,2048,256,94,122.059
16,2048,256,96,122.6586
16,2048,256,98,126.3659
16,2048,256,100,125.1123
16,2048,256,102,121.5137
16,2048,256,104,118.4833
16,2048,256,106,110.1194
16,2048,256,108,120.4044
16,2048,256,110,124.5773
16,2048,256,112,112.7156
16,2048,256,114,120.1528
16,2048,256,116,115.0005
16,2048,256,118,111.8477
16,2048,256,120,115.2065
16,2048,256,122,111.8286
16,2048,256,124,108.8291
16,2048,256,126,105.6757
16,2048,256,128,112.2525
16,2048,256,130,105.805
16,2048,256,132,110.7389
16,2048,256,134,113.3522
16,2048,256,136,117.1394
16,2048,256,138,104.3559
16,2048,256,140,108.9379
16,2048,256,142,110.6501
16,2048,256,144,111.3598
16,2048,256,146,104.401
16,2048,256,148,110.5715
16,2048,256,150,103.7037
16,2048,256,152,109.5126
16,2048,256,154,105.903
16,2048,256,156,104.835
16,2048,256,158,106.3417
16,2048,256,160,107.2804
16,2048,256,162,106.8005
16,2048,256,164,106.3531
16,2048,256,166,104.2585
16,2048,256,168,103.1909
16,2048,256,170,102.8651
16,2048,256,172,102.3414
16,2048,256,174,96.0804
16,2048,256,176,99.9563
16,2048,256,178,98.6659
16,2048,256,180,100.8647
16,2048,256,182,100.3841
16,2048,256,184,96.7757
16,2048,256,186,94.8451
16,2048,256,188,93.8205
16,2048,256,190,87.6906
16,2048,256,192,95.2193
16,2048,256,194,95.4338
16,2048,256,196,97.3217
16,2048,256,198,94.485
16,2048,256,200,87.9172
16,2048,256,202,88.7904
16,2048,256,204,92.0251
16,2048,256,206,93.4488
16,2048,256,208,93.8253
16,2048,256,210,91.2918
16,2048,256,212,91.7679
16,2048,256,214,85.5125
16,2048,256,216,86.9383
16,2048,256,218,86.8605
16,2048,256,220,91.9561
16,2048,256,222,84.2866
16,2048,256,224,86.2566
16,2048,256,226,83.9488
16,2048,256,228,82.634
16,2048,256,230,85.0664
16,2048,256,232,83.3576
16,2048,256,234,89.7963
16,2048,256,236,82.9344
16,2048,256,238,83.2677
16,2048,256,240,77.8521
16,2048,256,242,83.2049
16,2048,256,244,84.7249
16,2048,256,246,78.339
16,2048,256,248,83.2818
16,2048,256,250,77.711
16,2048,256,252,75.2587
16,2048,256,254,79.3577
16,2048,258,2,66.7757
16,2048,258,4,90.573
16,2048,258,6,92.45
16,2048,258,8,104.7184
16,2048,258,10,101.102
16,2048,258,12,143.7053
16,2048,258,14,132.1939
16,2048,258,16,137.813
16,2048,258,18,136.2414
16,2048,258,20,127.1256
16,2048,258,22,119.4174
16,2048,258,24,153.7288
16,2048,258,26,154.7769
16,2048,258,28,143.3975
16,2048,258,30,137.7475
16,2048,258,32,137.0421
16,2048,258,34,132.7355
16,2048,258,36,154.7269
16,2048,258,38,157.6806
16,2048,258,40,153.917
16,2048,258,42,144.4914
16,2048,258,44,143.1885
16,2048,258,46,144.2497
16,2048,258,48,147.9976
16,2048,258,50,143.0491
16,2048,258,52,146.0188
16,2048,258,54,142.3062
16,2048,258,56,139.3155
16,2048,258,58,134.8554
16,2048,258,60,150.5123
16,2048,258,62,137.2096
16,2048,258,64,135.3837
16,2048,258,66,133.77
16,2048,258,68,142.2943
16,2048,258,70,137.749
16,2048,258,72,137.7704
16,2048,258,74,138.942
16,2048,258,76,143.5247
16,2048,258,78,141.8495
16,2048,258,80,132.7732
16,2048,258,82,131.4809
16,2048,258,84,133.8168
16,2048,258,86,138.1075
16,2048,258,88,136.5636
16,2048,258,90,131.6866
16,2048,258,92,128.8265
16,2048,258,94,127.7826
16,2048,258,96,127.0005
16,2048,258,98,138.2167
16,2048,258,100,136.454
16,2048,258,102,124.8141
16,2048,258,104,130.7786
16,2048,258,106,119.924
16,2048,258,108,127.5124
16,2048,258,110,123.3835
16,2048,258,112,122.1588
16,2048,258,114,119.3623
16,2048,258,116,120.0737
16,2048,258,118,125.4316
16,2048,258,120,121.4277
16,2048,258,122,118.587
16,2048,258,124,115.4313
16,2048,258,126,119.7555
16,2048,258,128,110.0408
16,2048,258,130,109.6058
16,2048,258,132,111.4409
16,2048,258,134,115.3292
16,2048,258,136,116.6667
16,2048,258,138,119.7206
16,2048,258,140,111.4691
16,2048,258,142,111.1918
16,2048,258,144,112.9779
16,2048,258,146,113.4422
16,2048,258,148,113.2229
16,2048,258,150,114.4912
16,2048,258,152,111.2109
16,2048,258,154,107.5009
16,2048,258,156,112.9558
16,2048,258,158,106.0248
16,2048,258,160,108.6707
16,2048,258,162,114.4475
16,2048,258,164,107.0617
16,2048,258,166,100.9144
16,2048,258,168,110.3541
16,2048,258,170,108.4601
16,2048,258,172,109.6701
16,2048,258,174,108.5185
16,2048,258,176,106.0499
16,2048,258,178,105.9479
16,2048,258,180,102.4042
16,2048,258,182,100.8753
16,2048,258,184,108.2226
16,2048,258,186,103.5313
16,2048,258,188,94.3235
16,2048,258,190,97.2041
16,2048,258,192,94.1819
16,2048,258,194,101.8542
16,2048,258,196,99.4616
16,2048,258,198,99.0353
16,2048,258,200,97.0597
16,2048,258,202,97.0229
16,2048,258,204,101.7917
16,2048,258,206,100.2096
16,2048,258,208,93.3597
16,2048,258,210,95.9362
16,2048,258,212,93.5036
16,2048,258,214,94.423
16,2048,258,216,92.5056
16,2048,258,218,96.1358
16,2048,258,220,91.957
16,2048,258,222,91.0794
16,2048,258,224,90.601
16,2048,258,226,95.4573
16,2048,258,228,90.0275
16,2048,258,230,86.653
16,2048,258,232,89.65
16,2048,258,234,89.5625
16,2048,258,236,83.3208
16,2048,258,238,83.4114
16,2048,258,240,84.5919
16,2048,258,242,83.1443
16,2048,258,244,85.8948
16,2048,258,246,88.7867
16,2048,258,248,80.1602
16,2048,258,250,83.0863
16,2048,258,252,81.4485
16,2048,258,254,81.7932
16,2048,258,256,81.5537
16,2048,260,2,64.8908
16,2048,260,4,90.4651
16,2048,260,6,93.2629
16,2048,260,8,102.4528
16,2048,260,10,103.0333
16,2048,260,12,141.8678
16,2048,260,14,136.4029
16,2048,260,16,148.052
16,2048,260,18,126.8307
16,2048,260,20,128.0036
16,2048,260,22,124.6703
16,2048,260,24,161.0854
16,2048,260,26,145.5193
16,2048,260,28,150.4547
16,2048,260,30,139.7319
16,2048,260,32,144.0356
16,2048,260,34,139.4135
16,2048,260,36,156.4897
16,2048,260,38,134.0888
16,2048,260,40,145.6283
16,2048,260,42,140.3766
16,2048,260,44,145.697
16,2048,260,46,144.1298
16,2048,260,48,148.6337
16,2048,260,50,156.2506
16,2048,260,52,141.5835
16,2048,260,54,144.9877
16,2048,260,56,137.5871
16,2048,260,58,135.8258
16,2048,260,60,149.6929
16,2048,260,62,141.2126
16,2048,260,64,134.6477
16,2048,260,66,134.8718
16,2048,260,68,142.9836
16,2048,260,70,137.4517
16,2048,260,72,143.1281
16,2048,260,74,138.6047
16,2048,260,76,135.8549
16,2048,260,78,131.1673
16,2048,260,80,131.7356
16,2048,260,82,130.6089
16,2048,260,84,135.2468
16,2048,260,86,134.0294
16,2048,260,88,133.7086
16,2048,260,90,123.8787
16,2048,260,92,135.1946
16,2048,260,94,128.0764
16,2048,260,96,135.7815
16,2048,260,98,128.5294
16,2048,260,100,134.418
16,2048,260,102,124.2869
16,2048,260,104,120.9876
16,2048,260,106,124.1647
16,2048,260,108,126.5652
16,2048,260,110,117.9943
16,2048,260,112,119.906
16,2048,260,114,126.5014
16,2048,260,116,126.6745
16,2048,260,118,116.094
16,2048,260,120,119.1171
16,2048,260,122,118.9592
16,2048,260,124,119.9573
16,2048,260,126,119.6744
16,2048,260,128,113.4972
16,2048,260,130,116.4935
16,2048,260,132,118.5132
16,2048,260,134,106.8685
16,2048,260,136,108.9313
16,2048,260,138,114.5298
16,2048,260,140,112.7804
16,2048,260,142,111.3755
16,2048,260,144,112.2437
16,2048,260,146,109.8415
16,2048,260,148,113.4779
16,2048,260,150,111.3304
16,2048,260,152,111.6597
16,2048,260,154,100.9178
16,2048,260,156,109.0772
16,2048,260,158,110.6418
16,2048,260,160,112.2345
16,2048,260,162,110.3724
16,2048,260,164,114.0411
16,2048,260,166,106.7917
16,2048,260,168,106.0054
16,2048,260,170,107.087
16,2048,260,172,108.234
16,2048,260,174,107.09
16,2048,260,176,110.5574
16,2048,260,178,101.3606
16,2048,260,180,102.5509
16,2048,260,182,101.0781
16,2048,260,184,104.9125
16,2048,260,186,100.4497
16,2048,260,188,102.5481
16,2048,260,190,98.1985
16,2048,260,192,94.0477
16,2048,260,194,96.7691
16,2048,260,196,100.4354
16,2048,260,198,98.4163
16,2048,260,200,99.7125
16,2048,260,202,99.2284
16,2048,260,204,99.0871
16,2048,260,206,98.2096
16,2048,260,208,93.6336
16,2048,260,210,89.455
16,2048,260,212,99.0484
16,2048,260,214,92.7468
16,2048,260,216,92.9555
16,2048,260,218,91.3857
16,2048,260,220,86.7086
16,2048,260,222,88.7903
16,2048,260,224,89.5546
16,2048,260,226,86.7766
16,2048,260,228,89.7558
16,2048,260,230,89.734
16,2048,260,232,88.7366
16,2048,260,234,86.7556
16,2048,260,236,87.4658
16,2048,260,238,85.6589
16,2048,260,240,86.4258
16,2048,260,242,90.2053
16,2048,260,244,85.192
16,2048,260,246,86.1106
16,2048,260,248,85.052
16,2048,260,250,84.3167
16,2048,260,252,84.4578
16,2048,260,254,82.1726
16,2048,260,256,83.4236
16,2048,260,258,79.9484
16,2048,262,2,65.8598
16,2048,262,4,90.8073
16,2048,262,6,90.8955
16,2048,262,8,103.4716
16,2048,262,10,100.6601
16,2048,262,12,146.1581
16,2048,262,14,128.8083
16,2048,262,16,136.4303
16,2048,262,18,127.6382
16,2048,262,20,122.6749
16,2048,262,22,122.486
16,2048,262,24,153.336
16,2048,262,26,140.6197
16,2048,262,28,146.9416
16,2048,262,30,143.1765
16,2048,262,32,136.6993
16,2048,262,34,138.3542
16,2048,262,36,152.007
16,2048,262,38,145.331
16,2048,262,40,148.3629
16,2048,262,42,134.4584
16,2048,262,44,142.9584
16,2048,262,46,134.893
16,2048,262,48,158.4543
16,2048,262,50,142.4997
16,2048,262,52,137.2399
16,2048,262,54,139.276
16,2048,262,56,135.8954
16,2048,262,58,132.3641
16,2048,262,60,141.9786
16,2048,262,62,135.9363
16,2048,262,64,134.6007
16,2048,262,66,136.8287
16,2048,262,68,126.9387
16,2048,262,70,130.8793
16,2048,262,72,133.6297
16,2048,262,74,132.1866
16,2048,262,76,132.3196
16,2048,262,78,140.0671
16,2048,262,80,131.2926
16,2048,262,82,121.9612
16,2048,262,84,129.004
16,2048,262,86,135.1642
16,2048,262,88,135.9152
16,2048,262,90,125.0396
16,2048,262,92,128.2705
16,2048,262,94,128.0085
16,2048,262,96,128.9592
16,2048,262,98,133.1597
16,2048,262,100,125.4978
16,2048,262,102,123.0852
16,2048,262,104,121.7465
16,2048,262,106,126.5651
16,2048,262,108,122.5536
16,2048,262,110,120.6818
16,2048,262,112,127.6264
16,2048,262,114,124.3403
16,2048,262,116,115.9395
16,2048,262,118,116.3936
16,2048,262,120,120.6482
16,2048,262,122,112.0204
16,2048,262,124,115.41
16,2048,262,126,115.5616
16,2048,262,128,114.5759
16,2048,262,130,120.7709
16,2048,262,132,112.1952
16,2048,262,134,112.1825
16,2048,262,136,107.8277
16,2048,262,138,111.9116
16,2048,262,140,115.5593
16,2048,262,142,110.0756
16,2048,262,144,109.396
16,2048,262,146,108.6936
16,2048,262,148,111.3124
16,2048,262,150,111.9082
16,2048,262,152,110.0262
16,2048,262,154,118.3498
16,2048,262,156,112.186
16,2048,262,158,107.6847
16,2048,262,160,108.9718
16,2048,262,162,108.9262
16,2048,262,164,104.3949
16,2048,262,166,106.3605
16,2048,262,168,103.7649
16,2048,262,170,109.9519
16,2048,262,172,105.8652
16,2048,262,174,104.7347
16,2048,262,176,106.8205
16,2048,262,178,101.1033
16,2048,262,180,103.1544
16,2048,262,182,99.4818
16,2048,262,184,106.2213
16,2048,262,186,102.2948
16,2048,262,188,101.4986
16,2048,262,190,103.5551
16,2048,262,192,100.129
16,2048,262,194,95.766
16,2048,262,196,101.0453
16,2048,262,198,97.8825
16,2048,262,200,96.6762
16,2048,262,202,95.2743
16,2048,262,204,93.5841
16,2048,262,206,95.7627
16,2048,262,208,93.5131
16,2048,262,210,92.9946
16,2048,262,212,94.0206
16,2048,262,214,95.486
16,2048,262,216,94.7276
16,2048,262,218,91.6253
16,2048,262,220,91.3593
16,2048,262,222,85.8416
16,2048,262,224,90.4151
16,2048,262,226,90.9819
16,2048,262,228,84.3599
16,2048,262,230,88.8642
16,2048,262,232,87.8107
16,2048,262,234,88.864
16,2048,262,236,84.7887
16,2048,262,238,83.3421
16,2048,262,240,86.7213
16,2048,262,242,85.9246
16,2048,262,244,84.4666
16,2048,262,246,79.3491
16,2048,262,248,81.5889
16,2048,262,250,80.0476
16,2048,262,252,78.5985
16,2048,262,254,82.0846
16,2048,262,256,78.2313
16,2048,262,258,80.4338
16,2048,262,260,78.7807
16,2048,264,2,66.4667
16,2048,264,4,89.88
16,2048,264,6,93.0131
16,2048,264,8,104.1832
16,2048,264,10,105.3046
16,2048,264,12,154.3652
16,2048,264,14,137.5588
16,2048,264,16,138.0271
16,2048,264,18,129.5559
16,2048,264,20,131.8342
16,2048,264,22,125.6117
16,2048,264,24,160.7767
16,2048,264,26,148.3705
16,2048,264,28,148.397
16,2048,264,30,146.9937
16,2048,264,32,143.8488
16,2048,264,34,143.4938
16,2048,264,36,160.5418
16,2048,264,38,149.9461
16,2048,264,40,160.5772
16,2048,264,42,137.7558
16,2048,264,44,146.7189
16,2048,264,46,137.9066
16,2048,264,48,150.4299
16,2048,264,50,144.1832
16,2048,264,52,148.2809
16,2048,264,54,145.8743
16,2048,264,56,139.085
16,2048,264,58,138.5378
16,2048,264,60,152.4796
16,2048,264,62,136.4108
16,2048,264,64,136.4976
16,2048,264,66,133.46
16,2048,264,68,136.9946
16,2048,264,70,132.4227
16,2048,264,72,147.5952
16,2048,264,74,137.0257
16,2048,264,76,135.1159
16,2048,264,78,132.417
16,2048,264,80,129.6701
16,2048,264,82,130.5852
16,2048,264,84,138.2873
16,2048,264,86,136.2515
16,2048,264,88,132.6325
16,2048,264,90,122.581
16,2048,264,92,130.1962
16,2048,264,94,124.1375
16,2048,264,96,139.3278
16,2048,264,98,126.9804
16,2048,264,100,135.1531
16,2048,264,102,129.4718
16,2048,264,104,128.7936
16,2048,264,106,128.3802
16,2048,264,108,125.3629
16,2048,264,110,119.279
16,2048,264,112,130.1139
16,2048,264,114,123.6696
16,2048,264,116,116.2915
16,2048,264,118,122.2539
16,2048,264,120,120.9438
16,2048,264,122,120.9457
16,2048,264,124,119.8162
16,2048,264,126,114.1192
16,2048,264,128,110.2461
16,2048,264,130,109.2159
16,2048,264,132,118.0175
16,2048,264,134,114.4872
16,2048,264,136,108.0699
16,2048,264,138,108.7527
16,2048,264,140,112.0734
16,2048,264,142,111.2833
16,2048,264,144,115.1388
16,2048,264,146,115.5365
16,2048,264,148,109.4517
16,2048,264,150,109.0298
16,2048,264,152,115.2216
16,2048,264,154,109.9888
16,2048,264,156,103.21
16,2048,264,158,109.1863
16,2048,264,160,109.0073
16,2048,264,162,110.1081
16,2048,264,164,110.5068
16,2048,264,166,113.3642
16,2048,264,168,113.5483
16,2048,264,170,107.561
16,2048,264,172,110.43
16,2048,264,174,103.5387
16,2048,264,176,107.3744
16,2048,264,178,104.2368
16,2048,264,180,108.9285
16,2048,264,182,103.9268
16,2048,264,184,107.001
16,2048,264,186,99.3592
16,2048,264,188,103.2362
16,2048,264,190,100.3159
16,2048,264,192,101.6413
16,2048,264,194,101.2501
16,2048,264,196,101.8143
16,2048,264,198,95.4508
16,2048,264,200,103.3885
16,2048,264,202,98.3396
16,2048,264,204,98.7543
16,2048,264,206,93.3564
16,2048,264,208,100.9248
16,2048,264,210,95.8083
16,2048,264,212,98.6327
16,2048,264,214,96.6147
16,2048,264,216,99.2763
16,2048,264,218,94.4353
16,2048,264,220,87.6112
16,2048,264,222,87.8234
16,2048,264,224,89.197
16,2048,264,226,87.1166
16,2048,264,228,96.4137
16,2048,264,230,91.1596
16,2048,264,232,93.3662
16,2048,264,234,92.4826
16,2048,264,236,87.7452
16,2048,264,238,88.4497
16,2048,264,240,93.2308
16,2048,264,242,86.236
16,2048,264,244,87.7674
16,2048,264,246,81.1907
16,2048,264,248,89.0985
16,2048,264,250,86.0816
16,2048,264,252,81.2311
16,2048,264,254,81.4154
16,2048,264,256,79.2781
16,2048,264,258,82.5475
16,2048,264,260,77.9315
16,2048,264,262,85.4515
16,2048,266,2,65.5386
16,2048,266,4,85.4132
16,2048,266,6,91.1306
16,2048,266,8,104.8624
16,2048,266,10,102.3202
16,2048,266,12,148.3113
16,2048,266,14,127.6896
16,2048,266,16,138.6678
16,2048,266,18,134.8428
16,2048,266,20,129.7401
16,2048,266,22,121.3577
16,2048,266,24,158.8899
16,2048,266,26,140.93
16,2048,266,28,144.5082
16,2048,266,30,136.9022
16,2048,266,32,138.8946
16,2048,266,34,132.1708
16,2048,266,36,154.6428
16,2048,266,38,150.2064
16,2048,266,40,147.4151
16,2048,266,42,134.5046
16,2048,266,44,145.7488
16,2048,266,46,142.8099
16,2048,266,48,151.6368
16,2048,266,50,139.9729
16,2048,266,52,137.5094
16,2048,266,54,137.5933
16,2048,266,56,133.6015
16,2048,266,58,135.0797
16,2048,266,60,142.7884
16,2048,266,62,136.2009
16,2048,266,64,139.8488
16,2048,266,66,130.9319
16,2048,266,68,127.2092
16,2048,266,70,132.2971
16,2048,266,72,137.8842
16,2048,266,74,134.0894
16,2048,266,76,133.348
16,2048,266,78,131.3685
16,2048,266,80,135.3341
16,2048,266,82,126.8887
16,2048,266,84,131.743
16,2048,266,86,123.7026
16,2048,266,88,129.0626
16,2048,266,90,130.9109
16,2048,266,92,126.5512
16,2048,266,94,124.2455
16,2048,266,96,126.2876
16,2048,266,98,130.1867
16,2048,266,100,124.9692
16,2048,266,102,123.4126
16,2048,266,104,123.0132
16,2048,266,106,120.169
16,2048,266,108,129.5275
16,2048,266,110,123.9269
16,2048,266,112,125.6056
16,2048,266,114,118.746
16,2048,266,116,116.4099
16,2048,266,118,124.2308
16,2048,266,120,116.7342
16,2048,266,122,122.4193
16,2048,266,124,117.8782
16,2048,266,126,111.5195
16,2048,266,128,109.183
16,2048,266,130,108.8499
16,2048,266,132,113.0312
16,2048,266,134,112.3625
16,2048,266,136,112.6393
16,2048,266,138,106.1399
16,2048,266,140,108.7539
16,2048,266,142,113.3297
16,2048,266,144,108.7755
16,2048,266,146,109.5731
16,2048,266,148,106.6393
16,2048,266,150,109.4952
16,2048,266,152,107.8867
16,2048,266,154,104.8327
16,2048,266,156,111.5868
16,2048,266,158,111.1849
16,2048,266,160,106.4884
16,2048,266,162,106.929
16,2048,266,164,105.0602
16,2048,266,166,107.7749
16,2048,266,168,107.9682
16,2048,266,170,110.3359
16,2048,266,172,104.633
16,2048,266,174,104.5452
16,2048,266,176,104.1891
16,2048,266,178,103.8607
16,2048,266,180,104.6682
16,2048,266,182,104.6187
16,2048,266,184,101.431
16,2048,266,186,102.9658
16,2048,266,188,100.5446
16,2048,266,190,97.7778
16,2048,266,192,100.8462
16,2048,266,194,96.1033
16,2048,266,196,92.5242
16,2048,266,198,96.9514
16,2048,266,200,98.0586
16,2048,266,202,98.1375
16,2048,266,204,103.4515
16,2048,266,206,98.4575
16,2048,266,208,95.7741
16,2048,266,210,91.2086
16,2048,266,212,87.1801
16,2048,266,214,92.849
16,2048,266,216,94.9961
16,2048,266,218,94.7685
16,2048,266,220,95.367
16,2048,266,222,91.1064
16,2048,266,224,89.2552
16,2048,266,226,89.7985
16,2048,266,228,88.7684
16,2048,266,230,92.0493
16,2048,266,232,89.2003
16,2048,266,234,83.5059
16,2048,266,236,83.8273
16,2048,266,238,91.6278
16,2048,266,240,84.9633
16,2048,266,242,82.9172
16,2048,266,244,84.9652
16,2048,266,246,86.4462
16,2048,266,248,80.2382
16,2048,266,250,81.0547
16,2048,266,252,80.4269
16,2048,266,254,83.1396
16,2048,266,256,80.6432
16,2048,266,258,78.2272
16,2048,266,260,78.0214
16,2048,266,262,80.9932
16,2048,266,264,79.1245
16,2048,268,2,63.9974
16,2048,268,4,88.2674
16,2048,268,6,92.4552
16,2048,268,8,105.7184
16,2048,268,10,98.7844
16,2048,268,12,147.6807
16,2048,268,14,129.1741
16,2048,268,16,133.0186
16,2048,268,18,123.9119
16,2048,268,20,128.9968
16,2048,268,22,122.6153
16,2048,268,24,157.8691
16,2048,268,26,143.3001
16,2048,268,28,149.8017
16,2048,268,30,132.7631
16,2048,268,32,142.1805
16,2048,268,34,138.0045
16,2048,268,36,161.2938
16,2048,268,38,147.0703
16,2048,268,40,145.279
16,2048,268,42,137.0848
16,2048,268,44,135.3685
16,2048,268,46,137.1148
16,2048,268,48,140.1723
16,2048,268,50,141.4403
16,2048,268,52,141.9101
16,2048,268,54,135.2306
16,2048,268,56,139.9699
16,2048,268,58,127.6541
16,2048,268,60,146.0607
16,2048,268,62,135.095
16,2048,268,64,133.8502
16,2048,268,66,130.3979
16,2048,268,68,130.5347
16,2048,268,70,129.1844
16,2048,268,72,143.3562
16,2048,268,74,134.0895
16,2048,268,76,134.9476
16,2048,268,78,130.3354
16,2048,268,80,128.4864
16,2048,268,82,129.4299
16,2048,268,84,133.1216
16,2048,268,86,124.7942
16,2048,268,88,123.2613
16,2048,268,90,123.6274
16,2048,268,92,122.3691
16,2048,268,94,130.2474
16,2048,268,96,131.3776
16,2048,268,98,128.736
16,2048,268,100,125.2145
16,2048,268,102,133.4411
16,2048,268,104,122.1131
16,2048,268,106,124.3382
16,2048,268,108,122.5114
16,2048,268,110,124.0924
16,2048,268,112,121.9903
16,2048,268,114,120.2857
16,2048,268,116,116.0855
16,2048,268,118,113.4618
16,2048,268,120,125.8602
16,2048,268,122,116.7572
16,2048,268,124,108.8899
16,2048,268,126,118.5356
16,2048,268,128,110.2474
16,2048,268,130,107.8301
16,2048,268,132,119.2095
16,2048,268,134,111.6509
16,2048,268,136,109.3453
16,2048,268,138,107.087
16,2048,268,140,107.4194
16,2048,268,142,104.4835
16,2048,268,144,117.3609
16,2048,268,146,113.9482
16,2048,268,148,115.0845
16,2048,268,150,109.1377
16,2048,268,152,107.7656
16,2048,268,154,103.5629
16,2048,268,156,112.6022
16,2048,268,158,107.8101
16,2048,268,160,111.3945
16,2048,268,162,107.3093
16,2048,268,164,104.1519
16,2048,268,166,108.9139
16,2048,268,168,111.9506
16,2048,268,170,112.2547
16,2048,268,172,106.9328
16,2048,268,174,102.4213
16,2048,268,176,101.996
16,2048,268,178,100.5828
16,2048,268,180,105.8208
16,2048,268,182,105.5854
16,2048,268,184,104.3665
16,2048,268,186,104.4599
16,2048,268,188,96.7188
16,2048,268,190,99.7076
16,2048,268,192,102.6464
16,2048,268,194,102.9991
16,2048,268,196,97.7762
16,2048,268,198,96.6699
16,2048,268,200,91.8948
16,2048,268,202,98.8477
16,2048,268,204,95.3491
16,2048,268,206,92.6338
16,2048,268,208,96.1234
16,2048,268,210,100.3496
16,2048,268,212,95.2402
16,2048,268,214,91.6304
16,2048,268,216,90.1674
16,2048,268,218,94.0788
16,2048,268,220,90.8918
16,2048,268,222,88.4483
16,2048,268,224,92.3319
16,2048,268,226,89.2336
16,2048,268,228,89.2825
16,2048,268,230,89.2649
16,2048,268,232,91.4971
16,2048,268,234,92.6004
16,2048,268,236,89.2874
16,2048,268,238,89.5929
16,2048,268,240,87.1984
16,2048,268,242,83.1131
16,2048,268,244,85.8728
16,2048,268,246,85.7223
16,2048,268,248,81.966
16,2048,268,250,81.7176
16,2048,268,252,80.8994
16,2048,268,254,83.5188
16,2048,268,256,85.1265
16,2048,268,258,82.3267
16,2048,268,260,82.1161
16,2048,268,262,75.522
16,2048,268,264,83.2221
16,2048,268,266,79.5129
16,2048,270,2,61.3806
16,2048,270,4,85.4552
16,2048,270,6,92.2533
16,2048,270,8,101.8086
16,2048,270,10,93.6798
16,2048,270,12,134.8956
16,2048,270,14,127.975
16,2048,270,16,132.0872
16,2048,270,18,121.7168
16,2048,270,20,124.1855
16,2048,270,22,119.6712
16,2048,270,24,150.1496
16,2048,270,26,134.3538
16,2048,270,28,141.6507
16,2048,270,30,138.5878
16,2048,270,32,131.357
16,2048,270,34,139.6922
16,2048,270,36,148.3698
16,2048,270,38,144.6717
16,2048,270,40,143.7546
16,2048,270,42,132.4982
16,2048,270,44,134.1908
16,2048,270,46,136.0375
16,2048,270,48,139.3668
16,2048,270,50,142.6166
16,2048,270,52,137.236
16,2048,270,54,131.9071
16,2048,270,56,137.377
16,2048,270,58,131.168
16,2048,270,60,147.8269
16,2048,270,62,135.5047
16,2048,270,64,137.0248
16,2048,270,66,130.1759
16,2048,270,68,126.3434
16,2048,270,70,132.367
16,2048,270,72,133.453
16,2048,270,74,131.7719
16,2048,270,76,127.3714
16,2048,270,78,131.6635
16,2048,270,80,126.7026
16,2048,270,82,124.1185
16,2048,270,84,127.2045
16,2048,270,86,131.8344
16,2048,270,88,124.6866
16,2048,270,90,127.3954
16,2048,270,92,122.6271
16,2048,270,94,121.833
16,2048,270,96,122.2668
16,2048,270,98,132.1818
16,2048,270,100,126.594
16,2048,270,102,124.0892
16,2048,270,104,120.4752
16,2048,270,106,126.1335
16,2048,270,108,123.3524
16,2048,270,110,126.4487
16,2048,270,112,124.2622
16,2048,270,114,119.7433
16,2048,270,116,116.9856
16,2048,270,118,118.266
16,2048,270,120,114.5228
16,2048,270,122,112.3944
16,2048,270,124,112.1374
16,2048,270,126,108.7854
16,2048,270,128,113.6832
16,2048,270,130,106.5914
16,2048,270,132,110.8335
16,2048,270,134,110.7585
16,2048,270,136,114.0055
16,2048,270,138,109.826
16,2048,270,140,111.5083
16,2048,270,142,107.9104
16,2048,270,144,115.0122
16,2048,270,146,106.8002
16,2048,270,148,114.3915
16,2048,270,150,108.7986
16,2048,270,152,108.2504
16,2048,270,154,101.3947
16,2048,270,156,109.6434
16,2048,270,158,101.078
16,2048,270,160,105.7758
16,2048,270,162,104.7992
16,2048,270,164,106.4847
16,2048,270,166,110.8919
16,2048,270,168,106.4637
16,2048,270,170,106.5616
16,2048,270,172,104.9266
16,2048,270,174,106.8316
16,2048,270,176,95.0077
16,2048,270,178,102.5531
16,2048,270,180,102.316
16,2048,270,182,104.5253
16,2048,270,184,97.8626
16,2048,270,186,104.1384
16,2048,270,188,93.4942
16,2048,270,190,97.3826
16,2048,270,192,98.6615
16,2048,270,194,94.7233
16,2048,270,196,98.4069
16,2048,270,198,99.4243
16,2048,270,200,95.8669
16,2048,270,202,89.0498
16,2048,270,204,93.4252
16,2048,270,206,98.006
16,2048,270,208,95.8614
16,2048,270,210,94.8386
16,2048,270,212,92.9027
16,2048,270,214,91.8959
16,2048,270,216,90.3135
16,2048,270,218,93.2054
16,2048,270,220,89.0773
16,2048,270,222,84.8223
16,2048,270,224,89.7106
16,2048,270,226,88.0206
16,2048,270,228,88.3887
16,2048,270,230,87.839
16,2048,270,232,88.3649
16,2048,270,234,87.3571
16,2048,270,236,82.5421
16,2048,270,238,80.8238
16,2048,270,240,87.1041
16,2048,270,242,89.4571
16,2048,270,244,84.6153
16,2048,270,246,81.8024
16,2048,270,248,82.5164
16,2048,270,250,80.5536
16,2048,270,252,79.3572
16,2048,270,254,82.6321
16,2048,270,256,81.5372
16,2048,270,258,82.6975
16,2048,270,260,80.9111
16,2048,270,262,81.5177
16,2048,270,264,85.7164
16,2048,270,266,80.9877
16,2048,270,268,78.0856
16,2048,272,2,62.7406
16,2048,272,4,85.7867
16,2048,272,6,93.0461
16,2048,272,8,107.8283
16,2048,272,10,101.9043
16,2048,272,12,134.7544
16,2048,272,14,130.4536
16,2048,272,16,129.011
16,2048,272,18,127.3861
16,2048,272,20,134.5952
16,2048,272,22,115.6766
16,2048,272,24,153.4644
16,2048,272,26,149.8678
16,2048,272,28,139.2919
16,2048,272,30,131.399
16,2048,272,32,138.3054
16,2048,272,34,128.8948
16,2048,272,36,150.8171
16,2048,272,38,141.3637
16,2048,272,40,142.0561
16,2048,272,42,137.0665
16,2048,272,44,136.3474
16,2048,272,46,137.4204
16,2048,272,48,137.301
16,2048,272,50,139.3347
16,2048,272,52,145.5035
16,2048,272,54,135.8339
16,2048,272,56,131.9247
16,2048,272,58,133.899
16,2048,272,60,141.5036
16,2048,272,62,128.8124
16,2048,272,64,134.1303
16,2048,272,66,132.8181
16,2048,272,68,129.0869
16,2048,272,70,127.8174
16,2048,272,72,139.239
16,2048,272,74,136.8713
16,2048,272,76,134.898
16,2048,272,78,124.7294
16,2048,272,80,129.5806
16,2048,272,82,122.3692
16,2048,272,84,135.3099
16,2048,272,86,127.5074
16,2048,272,88,130.5007
16,2048,272,90,126.5888
16,2048,272,92,123.3636
16,2048,272,94,123.7732
16,2048,272,96,129.0478
16,2048,272,98,122.5233
16,2048,272,100,124.5941
16,2048,272,102,117.3755
16,2048,272,104,122.125
16,2048,272,106,124.4597
16,2048,272,108,119.8606
16,2048,272,110,124.6652
16,2048,272,112,115.844
16,2048,272,114,115.3818
16,2048,272,116,121.7146
16,2048,272,118,116.457
16,2048,272,120,113.7956
16,2048,272,122,117.1767
16,2048,272,124,114.9851
16,2048,272,126,114.9119
16,2048,272,128,114.908
16,2048,272,130,115.4624
16,2048,272,132,113.869
16,2048,272,134,105.975
16,2048,272,136,109.2668
16,2048,272,138,106.2631
16,2048,272,140,114.0194
16,2048,272,142,104.5584
16,2048,272,144,103.1209
16,2048,272,146,108.2293
16,2048,272,148,107.3734
16,2048,272,150,106.0971
16,2048,272,152,109.8485
16,2048,272,154,108.7928
16,2048,272,156,104.204
16,2048,272,158,107.3483
16,2048,272,160,105.4549
16,2048,272,162,102.6478
16,2048,272,164,109.0138
16,2048,272,166,104.008
16,2048,272,168,107.403
16,2048,272,170,104.5629
16,2048,272,172,99.3755
16,2048,272,174,101.3052
16,2048,272,176,102.8741
16,2048,272,178,105.2507
16,2048,272,180,101.2606
16,2048,272,182,100.0878
16,2048,272,184,101.4586
16,2048,272,186,103.9056
16,2048,272,188,106.7672
16,2048,272,190,96.9986
16,2048,272,192,103.1149
16,2048,272,194,97.5512
16,2048,272,196,101.4618
16,2048,272,198,101.5391
16,2048,272,200,100.0556
16,2048,272,202,92.2109
16,2048,272,204,97.2375
16,2048,272,206,93.4662
16,2048,272,208,96.4225
16,2048,272,210,94.5877
16,2048,272,212,97.0012
16,2048,272,214,90.0384
16,2048,272,216,90.9613
16,2048,272,218,86.0561
16,2048,272,220,93.667
16,2048,272,222,90.8074
16,2048,272,224,89.4934
16,2048,272,226,91.0842
16,2048,272,228,92.3461
16,2048,272,230,87.8412
16,2048,272,232,84.1815
16,2048,272,234,86.3341
16,2048,272,236,88.5244
16,2048,272,238,87.2331
16,2048,272,240,89.1216
16,2048,272,242,85.5655
16,2048,272,244,85.6524
16,2048,272,246,86.4901
16,2048,272,248,83.0101
16,2048,272,250,80.2263
16,2048,272,252,78.148
16,2048,272,254,80.9844
16,2048,272,256,83.9929
16,2048,272,258,83.8336
16,2048,272,260,84.245
16,2048,272,262,76.4922
16,2048,272,264,78.9642
16,2048,272,266,74.6648
16,2048,272,268,80.8486
16,2048,272,270,76.7665
16,2048,274,2,62.4786
16,2048,274,4,86.441
16,2048,274,6,88.5098
16,2048,274,8,99.2214
16,2048,274,10,96.9492
16,2048,274,12,136.3583
16,2048,274,14,126.4847
16,2048,274,16,128.8305
16,2048,274,18,120.8912
16,2048,274,20,124.7807
16,2048,274,22,122.5926
16,2048,274,24,146.5297
16,2048,274,26,145.5704
16,2048,274,28,140.9807
16,2048,274,30,132.2386
16,2048,274,32,133.8776
16,2048,274,34,124.6389
16,2048,274,36,146.8271
16,2048,274,38,150.5216
16,2048,274,40,140.1774
16,2048,274,42,141.175
16,2048,274,44,133.4949
16,2048,274,46,135.1896
16,2048,274,48,142.6734
16,2048,274,50,142.7763
16,2048,274,52,138.8802
16,2048,274,54,135.4309
16,2048,274,56,137.4333
16,2048,274,58,128.5626
16,2048,274,60,138.7661
16,2048,274,62,135.2287
16,2048,274,64,134.4717
16,2048,274,66,128.6609
16,2048,274,68,119.9493
16,2048,274,70,125.9776
16,2048,274,72,129.055
16,2048,274,74,130.6828
16,2048,274,76,124.6734
16,2048,274,78,117.3449
16,2048,274,80,127.1965
16,2048,274,82,126.1898
16,2048,274,84,121.0678
16,2048,274,86,127.5018
16,2048,274,88,122.1765
16,2048,274,90,119.5156
16,2048,274,92,120.4894
16,2048,274,94,118.1585
16,2048,274,96,121.1513
16,2048,274,98,122.2898
16,2048,274,100,126.705
16,2048,274,102,122.5518
16,2048,274,104,128.2218
16,2048,274,106,118.115
16,2048,274,108,118.6386
16,2048,274,110,121.588
16,2048,274,112,120.735
16,2048,274,114,115.2658
16,2048,274,116,111.1815
16,2048,274,118,110.4385
16,2048,274,120,117.7223
16,2048,274,122,116.4375
16,2048,274,124,110.2075
16,2048,274,126,112.4826
16,2048,274,128,109.4101
16,2048,274,130,108.3865
16,2048,274,132,113.639
16,2048,274,134,105.1927
16,2048,274,136,112.6434
16,2048,274,138,104.586
16,2048,274,140,96.7687
16,2048,274,142,107.5845
16,2048,274,144,106.3974
16,2048,274,146,110.7329
16,2048,274,148,109.0979
16,2048,274,150,100.6703
16,2048,274,152,106.6445
16,2048,274,154,113.4821
16,2048,274,156,104.0478
16,2048,274,158,108.5346
16,2048,274,160,104.9127
16,2048,274,162,104.518
16,2048,274,164,109.7442
16,2048,274,166,104.235
16,2048,274,168,104.2915
16,2048,274,170,99.4724
16,2048,274,172,103.254
16,2048,274,174,100.9889
16,2048,274,176,100.7594
16,2048,274,178,100.4091
16,2048,274,180,100.2775
16,2048,274,182,105.0139
16,2048,274,184,102.2724
16,2048,274,186,102.3544
16,2048,274,188,97.2599
16,2048,274,190,103.2294
16,2048,274,192,101.2614
16,2048,274,194,91.9572
16,2048,274,196,95.514
16,2048,274,198,94.9136
16,2048,274,200,94.9158
16,2048,274,202,97.9724
16,2048,274,204,95.8674
16,2048,274,206,96.5597
16,2048,274,208,92.2267
16,2048,274,210,93.1137
16,2048,274,212,85.4329
16,2048,274,214,91.7659
16,2048,274,216,90.5297
16,2048,274,218,85.0758
16,2048,274,220,91.5602
16,2048,274,222,90.2103
16,2048,274,224,83.7223
16,2048,274,226,89.6372
16,2048,274,228,87.9954
16,2048,274,230,87.5699
16,2048,274,232,86.433
16,2048,274,234,87.9789
16,2048,274,236,87.3609
16,2048,274,238,83.9196
16,2048,274,240,83.8161
16,2048,274,242,80.0146
16,2048,274,244,84.2934
16,2048,274,246,83.9637
16,2048,274,248,81.0948
16,2048,274,250,83.0983
16,2048,274,252,80.6239
16,2048,274,254,86.0041
16,2048,274,256,74.8884
16,2048,274,258,75.8948
16,2048,274,260,81.7572
16,2048,274,262,83.2535
16,2048,274,264,81.2934
16,2048,274,266,77.0406
16,2048,274,268,80.0193
16,2048,274,270,74.6178
16,2048,274,272,80.9714
16,2048,276,2,62.3231
16,2048,276,4,83.7478
16,2048,276,6,85.2572
16,2048,276,8,97.9303
16,2048,276,10,93.9723
16,2048,276,12,149.8089
16,2048,276,14,129.4249
16,2048,276,16,132.6787
16,2048,276,18,119.8815
16,2048,276,20,125.1608
16,2048,276,22,119.8564
16,2048,276,24,161.5243
16,2048,276,26,143.4028
16,2048,276,28,140.4239
16,2048,276,30,134.1348
16,2048,276,32,138.5082
16,2048,276,34,128.8419
16,2048,276,36,149.0246
16,2048,276,38,144.1859
16,2048,276,40,138.2534
16,2048,276,42,140.3396
16,2048,276,44,141.0052
16,2048,276,46,131.802
16,2048,276,48,144.3344
16,2048,276,50,135.6867
16,2048,276,52,139.294
16,2048,276,54,138.2675
16,2048,276,56,131.7455
16,2048,276,58,130.6038
16,2048,276,60,137.224
16,2048,276,62,137.4834
16,2048,276,64,132.1083
16,2048,276,66,109.3708
16,2048,276,68,130.3609
16,2048,276,70,135.5114
16,2048,276,72,134.7679
16,2048,276,74,135.7217
16,2048,276,76,127.1705
16,2048,276,78,134.1401
16,2048,276,80,132.0935
16,2048,276,82,128.8583
16,2048,276,84,140.1674
16,2048,276,86,122.1522
16,2048,276,88,127.8308
16,2048,276,90,121.4987
16,2048,276,92,121.2034
16,2048,276,94,125.3023
16,2048,276,96,125.8683
16,2048,276,98,121.4071
16,2048,276,100,120.8592
16,2048,276,102,124.0556
16,2048,276,104,127.7861
16,2048,276,106,120.5366
16,2048,276,108,120.7653
16,2048,276,110,128.6333
16,2048,276,112,115.5596
16,2048,276,114,113.3435
16,2048,276,116,114.3111
16,2048,276,118,118.378
16,2048,276,120,112.1653
16,2048,276,122,115.0607
16,2048,276,124,109.9605
16,2048,276,126,119.48
16,2048,276,128,110.1102
16,2048,276,130,115.0882
16,2048,276,132,116.106
16,2048,276,134,107.8436
16,2048,276,136,113.1657
16,2048,276,138,103.4197
16,2048,276,140,111.3839
16,2048,276,142,108.1258
16,2048,276,144,106.5454
16,2048,276,146,102.4504
16,2048,276,148,107.5981
16,2048,276,150,104.9657
16,2048,276,152,107.499
16,2048,276,154,107.2544
16,2048,276,156,114.9952
16,2048,276,158,101.5933
16,2048,276,160,108.1815
16,2048,276,162,103.5635
16,2048,276,164,104.0569
16,2048,276,166,101.5935
16,2048,276,168,107.925
16,2048,276,170,100.1105
16,2048,276,172,101.9564
16,2048,276,174,102.924
16,2048,276,176,100.3965
16,2048,276,178,105.361
16,2048,276,180,105.1716
16,2048,276,182,100.7386
16,2048,276,184,104.5951
16,2048,276,186,97.8882
16,2048,276,188,99.3925
16,2048,276,190,102.3849
16,2048,276,192,102.3409
16,2048,276,194,98.8455
16,2048,276,196,93.994
16,2048,276,198,92.8142
16,2048,276,200,100.193
16,2048,276,202,97.4001
16,2048,276,204,97.4843
16,2048,276,206,91.1347
16,2048,276,208,94.9702
16,2048,276,210,90.3167
16,2048,276,212,91.1865
16,2048,276,214,96.1193
16,2048,276,216,94.6326
16,2048,276,218,90.4263
16,2048,276,220,89.418
16,2048,276,222,90.7129
16,2048,276,224,86.1891
16,2048,276,226,89.9737
16,2048,276,228,93.6919
16,2048,276,230,87.1417
16,2048,276,232,86.1439
16,2048,276,234,85.5607
16,2048,276,236,91.3649
16,2048,276,238,90.1324
16,2048,276,240,88.5709
16,2048,276,242,83.9162
16,2048,276,244,86.0931
16,2048,276,246,88.4057
16,2048,276,248,81.0094
16,2048,276,250,79.6467
16,2048,276,252,82.5061
16,2048,276,254,83.5817
16,2048,276,256,81.0816
16,2048,276,258,79.5693
16,2048,276,260,79.4028
16,2048,276,262,79.935
16,2048,276,264,82.2287
16,2048,276,266,76.9917
16,2048,276,268,81.8767
16,2048,276,270,74.5103
16,2048,276,272,74.6312
16,2048,276,274,81.1783
16,2048,278,2,61.7108
16,2048,278,4,85.081
16,2048,278,6,88.5706
16,2048,278,8,97.6236
16,2048,278,10,94.1289
16,2048,278,12,128.1014
16,2048,278,14,126.6555
16,2048,278,16,122.7519
16,2048,278,18,120.6134
16,2048,278,20,126.953
16,2048,278,22,118.6293
16,2048,278,24,151.7291
16,2048,278,26,138.2344
16,2048,278,28,143.8956
16,2048,278,30,130.8033
16,2048,278,32,134.9787
16,2048,278,34,124.5568
16,2048,278,36,143.529
16,2048,278,38,138.3959
16,2048,278,40,140.9263
16,2048,278,42,135.1835
16,2048,278,44,138.6905
16,2048,278,46,133.8047
16,2048,278,48,140.2715
16,2048,278,50,143.94
16,2048,278,52,143.8121
16,2048,278,54,132.8138
16,2048,278,56,136.2969
16,2048,278,58,127.9101
16,2048,278,60,138.9042
16,2048,278,62,125.7402
16,2048,278,64,128.4739
16,2048,278,66,129.3827
16,2048,278,68,119.0948
16,2048,278,70,125.5487
16,2048,278,72,132.4203
16,2048,278,74,132.0486
16,2048,278,76,121.6872
16,2048,278,78,118.6824
16,2048,278,80,129.144
16,2048,278,82,126.6596
16,2048,278,84,127.6212
16,2048,278,86,129.6935
16,2048,278,88,127.8332
16,2048,278,90,127.1871
16,2048,278,92,120.684
16,2048,278,94,121.6578
16,2048,278,96,119.1926
16,2048,278,98,118.7629
16,2048,278,100,123.526
16,2048,278,102,118.959
16,2048,278,104,121.1115
16,2048,278,106,116.281
16,2048,278,108,114.3815
16,2048,278,110,120.3003
16,2048,278,112,116.0891
16,2048,278,114,113.2766
16,2048,278,116,112.6434
16,2048,278,118,113.8285
16,2048,278,120,119.5742
16,2048,278,122,114.1617
16,2048,278,124,106.2328
16,2048,278,126,111.2563
16,2048,278,128,104.1264
16,2048,278,130,107.4522
16,2048,278,132,107.2356
16,2048,278,134,105.6779
16,2048,278,136,106.8507
16,2048,278,138,111.406
16,2048,278,140,111.1104
16,2048,278,142,109.472
16,2048,278,144,111.6719
16,2048,278,146,108.4935
16,2048,278,148,107.5212
16,2048,278,150,107.3755
16,2048,278,152,106.7204
16,2048,278,154,106.5696
16,2048,278,156,106.7212
16,2048,278,158,104.9443
16,2048,278,160,103.3853
16,2048,278,162,99.0692
16,2048,278,164,103.2549
16,2048,278,166,101.3717
16,2048,278,168,107.5834
16,2048,278,170,103.2545
16,2048,278,172,99.3542
16,2048,278,174,100.2864
16,2048,278,176,95.5567
16,2048,278,178,101.978
16,2048,278,180,100.4894
16,2048,278,182,101.3097
16,2048,278,184,99.4523
16,2048,278,186,96.5919
16,2048,278,188,98.2464
16,2048,278,190,97.9422
16,2048,278,192,97.5971
16,2048,278,194,93.9627
16,2048,278,196,92.0964
16,2048,278,198,94.9921
16,2048,278,200,94.3297
16,2048,278,202,96.9862
16,2048,278,204,95.2374
16,2048,278,206,92.2618
16,2048,278,208,89.1832
16,2048,278,210,89.8464
16,2048,278,212,93.7855
16,2048,278,214,91.2951
16,2048,278,216,95.8936
16,2048,278,218,90.4306
16,2048,278,220,96.7342
16,2048,278,222,89.7689
16,2048,278,224,90.8486
16,2048,278,226,85.6277
16,2048,278,228,83.9727
16,2048,278,230,92.4726
16,2048,278,232,85.5995
16,2048,278,234,88.4845
16,2048,278,236,86.0363
16,2048,278,238,87.4571
16,2048,278,240,87.2686
16,2048,278,242,80.5706
16,2048,278,244,84.4475
16,2048,278,246,78.7931
16,2048,278,248,81.5816
16,2048,278,250,78.3872
16,2048,278,252,75.3774
16,2048,278,254,81.5598
16,2048,278,256,74.2498
16,2048,278,258,79.2094
16,2048,278,260,77.8526
16,2048,278,262,75.4997
16,2048,278,264,77.3068
16,2048,278,266,79.1459
16,2048,278,268,74.6803
16,2048,278,270,76.0754
16,2048,278,272,72.0904
16,2048,278,274,77.0692
16,2048,278,276,72.4232
16,2048,280,2,60.5458
16,2048,280,4,81.6857
16,2048,280,6,86.1519
16,2048,280,8,97.3709
16,2048,280,10,98.676
16,2048,280,12,135.758
16,2048,280,14,122.0917
16,2048,280,16,125.8973
16,2048,280,18,115.9852
16,2048,280,20,126.234
16,2048,280,22,114.9717
16,2048,280,24,148.9874
16,2048,280,26,136.357
16,2048,280,28,140.903
16,2048,280,30,127.8614
16,2048,280,32,138.2345
16,2048,280,34,125.0828
16,2048,280,36,144.7602
16,2048,280,38,138.2049
16,2048,280,40,142.2214
16,2048,280,42,134.4553
16,2048,280,44,135.5812
16,2048,280,46,123.1959
16,2048,280,48,151.48
16,2048,280,50,138.1546
16,2048,280,52,134.4764
16,2048,280,54,131.4249
16,2048,280,56,133.1691
16,2048,280,58,129.6253
16,2048,280,60,132.1361
16,2048,280,62,129.9362
16,2048,280,64,132.5438
16,2048,280,66,124.6989
16,2048,280,68,129.4159
16,2048,280,70,127.7795
16,2048,280,72,134.7387
16,2048,280,74,131.7905
16,2048,280,76,135.8743
16,2048,280,78,125.4649
16,2048,280,80,123.2591
16,2048,280,82,127.3972
16,2048,280,84,129.0858
16,2048,280,86,130.2019
16,2048,280,88,130.3351
16,2048,280,90,115.5958
16,2048,280,92,123.3881
16,2048,280,94,117.9476
16,2048,280,96,125.9618
16,2048,280,98,118.3381
16,2048,280,100,123.6819
16,2048,280,102,120.4633
16,2048,280,104,119.1685
16,2048,280,106,117.4361
16,2048,280,108,119.3326
16,2048,280,110,117.2663
16,2048,280,112,118.1397
16,2048,280,114,113.7628
16,2048,280,116,112.412
16,2048,280,118,113.6293
16,2048,280,120,117.7284
16,2048,280,122,115.0902
16,2048,280,124,112.7515
16,2048,280,126,112.7123
16,2048,280,128,107.9609
16,2048,280,130,109.8276
16,2048,280,132,106.472
16,2048,280,134,106.1975
16,2048,280,136,111.07
16,2048,280,138,104.2231
16,2048,280,140,108.4994
16,2048,280,142,108.7739
16,2048,280,144,110.7451
16,2048,280,146,106.9008
16,2048,280,148,105.9825
16,2048,280,150,106.6617
16,2048,280,152,106.9778
16,2048,280,154,101.9654
16,2048,280,156,98.2717
16,2048,280,158,104.2638
16,2048,280,160,102.7544
16,2048,280,162,105.3245
16,2048,280,164,103.5625
16,2048,280,166,106.2141
16,2048,280,168,101.2842
16,2048,280,170,104.3471
16,2048,280,172,101.7763
16,2048,280,174,100.4514
16,2048,280,176,102.1733
16,2048,280,178,95.6399
16,2048,280,180,100.4962
16,2048,280,182,95.4493
16,2048,280,184,103.8164
16,2048,280,186,95.9368
16,2048,280,188,95.5035
16,2048,280,190,97.0548
16,2048,280,192,96.6016
16,2048,280,194,97.3709
16,2048,280,196,94.9455
16,2048,280,198,94.9477
16,2048,280,200,93.5353
16,2048,280,202,96.2451
16,2048,280,204,94.2544
16,2048,280,206,93.9369
16,2048,280,208,92.9925
16,2048,280,210,88.4055
16,2048,280,212,94.2929
16,2048,280,214,94.0761
16,2048,280,216,92.2237
16,2048,280,218,91.9122
16,2048,280,220,95.7297
16,2048,280,222,90.3272
16,2048,280,224,97.1769
16,2048,280,226,92.9331
16,2048,280,228,90.962
16,2048,280,230,85.9563
16,2048,280,232,87.4539
16,2048,280,234,85.9455
16,2048,280,236,84.0753
16,2048,280,238,81.5588
16,2048,280,240,86.8806
16,2048,280,242,86.5891
16,2048,280,244,81.8688
16,2048,280,246,83.0931
16,2048,280,248,83.4823
16,2048,280,250,80.2418
16,2048,280,252,80.0863
16,2048,280,254,80.898
16,2048,280,256,82.3838
16,2048,280,258,75.8645
16,2048,280,260,80.9679
16,2048,280,262,80.108
16,2048,280,264,80.5981
16,2048,280,266,78.6413
16,2048,280,268,80.7016
16,2048,280,270,77.7083
16,2048,280,272,79.6279
16,2048,280,274,74.255
16,2048,280,276,78.0106
16,2048,280,278,71.0394
16,2048,282,2,62.2895
16,2048,282,4,82.9119
16,2048,282,6,80.7868
16,2048,282,8,96.5529
16,2048,282,10,91.6908
16,2048,282,12,131.7193
16,2048,282,14,119.1184
16,2048,282,16,124.5478
16,2048,282,18,119.5544
16,2048,282,20,121.9739
16,2048,282,22,115.5481
16,2048,282,24,149.3576
16,2048,282,26,128.1628
16,2048,282,28,142.7461
16,2048,282,30,133.0585
16,2048,282,32,130.7965
16,2048,282,34,129.2442
16,2048,282,36,146.3653
16,2048,282,38,141.848
16,2048,282,40,136.9727
16,2048,282,42,140.3259
16,2048,282,44,129.1904
16,2048,282,46,129.2921
16,2048,282,48,140.9587
16,2048,282,50,133.6021
16,2048,282,52,133.7456
16,2048,282,54,130.6585
16,2048,282,56,127.9802
16,2048,282,58,128.5736
16,2048,282,60,128.8238
16,2048,282,62,130.4336
16,2048,282,64,126.1687
16,2048,282,66,133.4743
16,2048,282,68,123.4642
16,2048,282,70,120.3863
16,2048,282,72,128.0255
16,2048,282,74,126.0231
16,2048,282,76,124.889
16,2048,282,78,126.9279
16,2048,282,80,126.0604
16,2048,282,82,116.0998
16,2048,282,84,114.8652
16,2048,282,86,125.8655
16,2048,282,88,117.3293
16,2048,282,90,123.3299
16,2048,282,92,122.1775
16,2048,282,94,123.4527
16,2048,282,96,121.3177
16,2048,282,98,118.5733
16,2048,282,100,120.6539
16,2048,282,102,118.2137
16,2048,282,104,117.6762
16,2048,282,106,107.4613
16,2048,282,108,116.4381
16,2048,282,110,117.8046
16,2048,282,112,117.3763
16,2048,282,114,117.8679
16,2048,282,116,110.1249
16,2048,282,118,114.5906
16,2048,282,120,117.3713
16,2048,282,122,118.6042
16,2048,282,124,109.2668
16,2048,282,126,105.2157
16,2048,282,128,109.2661
16,2048,282,130,105.7341
16,2048,282,132,104.2518
16,2048,282,134,106.9141
16,2048,282,136,98.9141
16,2048,282,138,107.7771
16,2048,282,140,108.4782
16,2048,282,142,105.4259
16,2048,282,144,107.8871
16,2048,282,146,108.5366
16,2048,282,148,99.6391
16,2048,282,150,106.887
16,2048,282,152,102.6179
16,2048,282,154,102.727
16,2048,282,156,103.5271
16,2048,282,158,101.6157
16,2048,282,160,107.5469
16,2048,282,162,102.1588
16,2048,282,164,96.9593
16,2048,282,166,103.6401
16,2048,282,168,102.0781
16,2048,282,170,98.3001
16,2048,282,172,101.1736
16,2048,282,174,98.4503
16,2048,282,176,100.139
16,2048,282,178,103.7699
16,2048,282,180,98.809
16,2048,282,182,96.9781
16,2048,282,184,98.3877
16,2048,282,186,104.0042
16,2048,282,188,96.1478
16,2048,282,190,92.3857
16,2048,282,192,100.3553
16,2048,282,194,99.4446
16,2048,282,196,89.1928
16,2048,282,198,100.443
16,2048,282,200,93.5481
16,2048,282,202,97.1951
16,2048,282,204,92.6715
16,2048,282,206,91.4714
16,2048,282,208,90.8717
16,2048,282,210,91.4108
16,2048,282,212,90.0912
16,2048,282,214,87.9724
16,2048,282,216,91.8449
16,2048,282,218,86.4311
16,2048,282,220,93.0768
16,2048,282,222,90.885
16,2048,282,224,87.5812
16,2048,282,226,87.2953
16,2048,282,228,87.8032
16,2048,282,230,86.0635
16,2048,282,232,89.3299
16,2048,282,234,86.9871
16,2048,282,236,84.1771
16,2048,282,238,89.7393
16,2048,282,240,82.9405
16,2048,282,242,84.4302
16,2048,282,244,83.9922
16,2048,282,246,83.6044
16,2048,282,248,80.5886
16,2048,282,250,80.0546
16,2048,282,252,79.3229
16,2048,282,254,78.0331
16,2048,282,256,77.1778
16,2048,282,258,87.1515
16,2048,282,260,81.4611
16,2048,282,262,81.6174
16,2048,282,264,80.9921
16,2048,282,266,80.7452
16,2048,282,268,77.7282
16,2048,282,270,76.5999
16,2048,282,272,80.3818
16,2048,282,274,71.6366
16,2048,282,276,71.977
16,2048,282,278,74.735
16,2048,282,280,77.8708
16,2048,284,2,56.1404
16,2048,284,4,81.4554
16,2048,284,6,87.9306
16,2048,284,8,90.4135
16,2048,284,10,90.4665
16,2048,284,12,132.0167
16,2048,284,14,118.0076
16,2048,284,16,125.427
16,2048,284,18,121.7085
16,2048,284,20,124.1756
16,2048,284,22,108.6803
16,2048,284,24,144.356
16,2048,284,26,135.6075
16,2048,284,28,140.302
16,2048,284,30,126.7871
16,2048,284,32,131.1349
16,2048,284,34,121.2513
16,2048,284,36,144.941
16,2048,284,38,138.2047
16,2048,284,40,139.9108
16,2048,284,42,136.8066
16,2048,284,44,127.8187
16,2048,284,46,127.9177
16,2048,284,48,139.7141
16,2048,284,50,129.2436
16,2048,284,52,134.5229
16,2048,284,54,126.2598
16,2048,284,56,134.0307
16,2048,284,58,123.0313
16,2048,284,60,134.3489
16,2048,284,62,130.0867
16,2048,284,64,127.0359
16,2048,284,66,126.3042
16,2048,284,68,125.8143
16,2048,284,70,124.6517
16,2048,284,72,121.3204
16,2048,284,74,120.1965
16,2048,284,76,125.2559
16,2048,284,78,128.13
16,2048,284,80,126.8659
16,2048,284,82,125.8174
16,2048,284,84,124.4013
16,2048,284,86,116.6728
16,2048,284,88,130.9317
16,2048,284,90,116.9211
16,2048,284,92,118.7169
16,2048,284,94,109.7231
16,2048,284,96,118.2879
16,2048,284,98,115.9141
16,2048,284,100,123.2686
16,2048,284,102,113.0601
16,2048,284,104,115.4176
16,2048,284,106,120.9831
16,2048,284,108,112.2235
16,2048,284,110,116.1855
16,2048,284,112,118.9418
16,2048,284,114,107.6667
16,2048,284,116,105.0964
16,2048,284,118,118.8745
16,2048,284,120,110.1118
16,2048,284,122,112.2635
16,2048,284,124,111.9027
16,2048,284,126,110.4878
16,2048,284,128,108.673
16,2048,284,130,104.4293
16,2048,284,132,102.517
16,2048,284,134,109.4232
16,2048,284,136,99.0432
16,2048,284,138,104.9782
16,2048,284,140,105.6342
16,2048,284,142,103.0067
16,2048,284,144,97.6593
16,2048,284,146,103.6601
16,2048,284,148,107.7552
16,2048,284,150,100.9617
16,2048,284,152,101.9049
16,2048,284,154,99.0538
16,2048,284,156,96.8091
16,2048,284,158,96.4461
16,2048,284,160,108.0765
16,2048,284,162,105.9362
16,2048,284,164,100.947
16,2048,284,166,93.7912
16,2048,284,168,101.0164
16,2048,284,170,99.6244
16,2048,284,172,98.3968
16,2048,284,174,102.1793
16,2048,284,176,100.9913
16,2048,284,178,89.8931
16,2048,284,180,94.9023
16,2048,284,182,101.1018
16,2048,284,184,93.4284
16,2048,284,186,90.2898
16,2048,284,188,94.8629
16,2048,284,190,92.9848
16,2048,284,192,91.967
16,2048,284,194,94.1552
16,2048,284,196,94.6666
16,2048,284,198,95.2753
16,2048,284,200,91.6096
16,2048,284,202,85.3218
16,2048,284,204,95.1937
16,2048,284,206,91.5366
16,2048,284,208,89.6713
16,2048,284,210,90.8106
16,2048,284,212,91.0848
16,2048,284,214,87.5794
16,2048,284,216,90.8703
16,2048,284,218,87.0935
16,2048,284,220,86.6933
16,2048,284,222,87.6057
16,2048,284,224,88.128
16,2048,284,226,89.6473
16,2048,284,228,86.328
16,2048,284,230,81.7252
16,2048,284,232,89.1081
16,2048,284,234,88.1651
16,2048,284,236,89.9257
16,2048,284,238,81.1164
16,2048,284,240,82.3571
16,2048,284,242,83.0987
16,2048,284,244,82.4551
16,2048,284,246,84.1418
16,2048,284,248,80.1708
16,2048,284,250,78.1855
16,2048,284,252,79.8705
16,2048,284,254,81.0035
16,2048,284,256,81.0237
16,2048,284,258,82.6762
16,2048,284,260,81.6328
16,2048,284,262,77.8839
16,2048,284,264,77.6262
16,2048,284,266,77.3419
16,2048,284,268,76.4412
16,2048,284,270,76.8359
16,2048,284,272,77.9621
16,2048,284,274,75.1392
16,2048,284,276,76.4283
16,2048,284,278,73.0749
16,2048,284,280,74.4867
16,2048,284,282,71.6044
16,2048,286,2,59.2081
16,2048,286,4,81.9469
16,2048,286,6,84.4045
16,2048,286,8,92.3813
16,2048,286,10,94.3461
16,2048,286,12,127.7991
16,2048,286,14,114.7101
16,2048,286,16,121.6973
16,2048,286,18,114.9656
16,2048,286,20,113.8688
16,2048,286,22,113.2581
16,2048,286,24,139.671
16,2048,286,26,137.9423
16,2048,286,28,132.9235
16,2048,286,30,125.8781
16,2048,286,32,131.8644
16,2048,286,34,120.4766
16,2048,286,36,135.3861
16,2048,286,38,136.1786
16,2048,286,40,131.3273
16,2048,286,42,126.5457
16,2048,286,44,130.6884
16,2048,286,46,120.8842
16,2048,286,48,134.3447
16,2048,286,50,130.2136
16,2048,286,52,133.9536
16,2048,286,54,126.0155
16,2048,286,56,130.7994
16,2048,286,58,123.6957
16,2048,286,60,124.1459
16,2048,286,62,128.0909
16,2048,286,64,124.5807
16,2048,286,66,119.1114
16,2048,286,68,113.8272
16,2048,286,70,119.2252
16,2048,286,72,119.0421
16,2048,286,74,119.6486
16,2048,286,76,119.1437
16,2048,286,78,114.4483
16,2048,286,80,123.8807
16,2048,286,82,116.6498
16,2048,286,84,118.4103
16,2048,286,86,119.6058
16,2048,286,88,115.7602
16,2048,286,90,111.2991
16,2048,286,92,120.1835
16,2048,286,94,113.04
16,2048,286,96,116.5823
16,2048,286,98,107.7348
16,2048,286,100,126.3729
16,2048,286,102,123.209
16,2048,286,104,120.4483
16,2048,286,106,113.9682
16,2048,286,108,113.4723
16,2048,286,110,113.7688
16,2048,286,112,117.6674
16,2048,286,114,105.3047
16,2048,286,116,108.156
16,2048,286,118,116.4475
16,2048,286,120,112.9213
16,2048,286,122,112.7911
16,2048,286,124,109.3552
16,2048,286,126,105.834
16,2048,286,128,104.9188
16,2048,286,130,109.5982
16,2048,286,132,108.6071
16,2048,286,134,96.687
16,2048,286,136,102.8476
16,2048,286,138,95.9252
16,2048,286,140,96.2666
16,2048,286,142,100.7176
16,2048,286,144,95.7012
16,2048,286,146,103.8203
16,2048,286,148,104.7245
16,2048,286,150,98.489
16,2048,286,152,102.3512
16,2048,286,154,95.0542
16,2048,286,156,100.2295
16,2048,286,158,102.6343
16,2048,286,160,102.6788
16,2048,286,162,99.7489
16,2048,286,164,97.3802
16,2048,286,166,99.9295
16,2048,286,168,101.114
16,2048,286,170,95.4522
16,2048,286,172,97.5811
16,2048,286,174,92.7575
16,2048,286,176,93.7911
16,2048,286,178,93.3963
16,2048,286,180,95.661
16,2048,286,182,98.9837
16,2048,286,184,91.9954
16,2048,286,186,95.7594
16,2048,286,188,91.747
16,2048,286,190,95.8636
16,2048,286,192,94.7909
16,2048,286,194,94.0637
16,2048,286,196,93.7635
16,2048,286,198,91.8739
16,2048,286,200,85.7756
16,2048,286,202,92.9142
16,2048,286,204,89.7813
16,2048,286,206,88.89
16,2048,286,208,87.1557
16,2048,286,210,90.7373
16,2048,286,212,86.5617
16,2048,286,214,85.9607
16,2048,286,216,89.4792
16,2048,286,218,89.3606
16,2048,286,220,91.318
16,2048,286,222,85.1131
16,2048,286,224,89.0613
16,2048,286,226,86.5612
16,2048,286,228,86.8138
16,2048,286,230,84.2017
16,2048,286,232,84.7759
16,2048,286,234,86.5363
16,2048,286,236,81.8323
16,2048,286,238,86.5915
16,2048,286,240,84.0017
16,2048,286,242,81.1441
16,2048,286,244,81.4881
16,2048,286,246,77.1422
16,2048,286,248,82.4544
16,2048,286,250,76.014
16,2048,286,252,80.7182
16,2048,286,254,77.1672
16,2048,286,256,77.7267
16,2048,286,258,82.9735
16,2048,286,260,79.7156
16,2048,286,262,81.1248
16,2048,286,264,73.9743
16,2048,286,266,78.9991
16,2048,286,268,78.0705
16,2048,286,270,75.4571
16,2048,286,272,73.7083
16,2048,286,274,75.9114
16,2048,286,276,68.6758
16,2048,286,278,75.423
16,2048,286,280,67.1764
16,2048,286,282,70.4696
16,2048,286,284,71.0525
16,2048,288,2,60.276
16,2048,288,4,85.9764
16,2048,288,6,84.0712
16,2048,288,8,96.283
16,2048,288,10,93.1544
16,2048,288,12,133.1825
16,2048,288,14,124.7011
16,2048,288,16,128.3263
16,2048,288,18,119.4005
16,2048,288,20,116.4195
16,2048,288,22,118.7851
16,2048,288,24,150.2836
16,2048,288,26,134.6569
16,2048,288,28,133.5327
16,2048,288,30,125.4076
16,2048,288,32,140.488
16,2048,288,34,124.4556
16,2048,288,36,142.3612
16,2048,288,38,137.3057
16,2048,288,40,132.4164
16,2048,288,42,134.0996
16,2048,288,44,138.8347
16,2048,288,46,123.1943
16,2048,288,48,137.8501
16,2048,288,50,137.9391
16,2048,288,52,138.5983
16,2048,288,54,130.9683
16,2048,288,56,131.5765
16,2048,288,58,126.936
16,2048,288,60,138.2763
16,2048,288,62,125.5959
16,2048,288,64,126.9718
16,2048,288,66,129.2706
16,2048,288,68,128.5853
16,2048,288,70,120.1347
16,2048,288,72,127.7719
16,2048,288,74,123.1716
16,2048,288,76,123.7786
16,2048,288,78,128.8437
16,2048,288,80,121.371
16,2048,288,82,120.4978
16,2048,288,84,128.7508
16,2048,288,86,121.4257
16,2048,288,88,131.0266
16,2048,288,90,117.8375
16,2048,288,92,121.6592
16,2048,288,94,112.1449
16,2048,288,96,121.1495
16,2048,288,98,119.0437
16,2048,288,100,119.5075
16,2048,288,102,120.0216
16,2048,288,104,106.9797
16,2048,288,106,118.6658
16,2048,288,108,122.5987
16,2048,288,110,112.3669
16,2048,288,112,110.4722
16,2048,288,114,114.7293
16,2048,288,116,117.6891
16,2048,288,118,111.2725
16,2048,288,120,115.1551
16,2048,288,122,114.822
16,2048,288,124,115.5454
16,2048,288,126,109.6976
16,2048,288,128,105.1132
16,2048,288,130,107.1164
16,2048,288,132,107.0316
16,2048,288,134,102.6893
16,2048,288,136,100.2718
16,2048,288,138,101.8231
16,2048,288,140,99.558
16,2048,288,142,96.4475
16,2048,288,144,99.7124
16,2048,288,146,101.8215
16,2048,288,148,106.3604
16,2048,288,150,100.2929
16,2048,288,152,110.3162
16,2048,288,154,98.2234
16,2048,288,156,99.7788
16,2048,288,158,97.6735
16,2048,288,160,108.8685
16,2048,288,162,110.3799
16,2048,288,164,100.4016
16,2048,288,166,104.0312
16,2048,288,168,99.1159
16,2048,288,170,100.1573
16,2048,288,172,96.8508
16,2048,288,174,101.1645
16,2048,288,176,95.5362
16,2048,288,178,99.5602
16,2048,288,180,99.1119
16,2048,288,182,95.338
16,2048,288,184,98.278
16,2048,288,186,92.7757
16,2048,288,188,95.773
16,2048,288,190,97.5419
16,2048,288,192,96.2055
16,2048,288,194,94.9748
16,2048,288,196,91.924
16,2048,288,198,90.0551
16,2048,288,200,90.2109
16,2048,288,202,88.3232
16,2048,288,204,93.9528
16,2048,288,206,88.7625
16,2048,288,208,91.9102
16,2048,288,210,92.0577
16,2048,288,212,85.0302
16,2048,288,214,87.3764
16,2048,288,216,88.5421
16,2048,288,218,92.2835
16,2048,288,220,93.3643
16,2048,288,222,87.5902
16,2048,288,224,89.2746
16,2048,288,226,86.4217
16,2048,288,228,92.0331
16,2048,288,230,86.6386
16,2048,288,232,82.9961
16,2048,288,234,88.4203
16,2048,288,236,86.1695
16,2048,288,238,84.6183
16,2048,288,240,85.8594
16,2048,288,242,80.5073
16,2048,288,244,83.1908
16,2048,288,246,84.5237
16,2048,288,248,79.6318
16,2048,288,250,79.9499
16,2048,288,252,86.2762
16,2048,288,254,81.1198
16,2048,288,256,78.4545
16,2048,288,258,77.5485
16,2048,288,260,80.8969
16,2048,288,262,82.7668
16,2048,288,264,79.1806
16,2048,288,266,77.6583
16,2048,288,268,76.3856
16,2048,288,270,75.1249
16,2048,288,272,77.6769
16,2048,288,274,72.3265
16,2048,288,276,77.1968
16,2048,288,278,72.0993
16,2048,288,280,75.0555
16,2048,288,282,71.5399
16,2048,288,284,75.2985
16,2048,288,286,71.9643
16,2048,290,2,57.4346
16,2048,290,4,79.4653
16,2048,290,6,82.8749
16,2048,290,8,91.7094
16,2048,290,10,91.4347
16,2048,290,12,129.2323
16,2048,290,14,114.4029
16,2048,290,16,125.9702
16,2048,290,18,114.6399
16,2048,290,20,115.565
16,2048,290,22,111.6615
16,2048,290,24,144.4497
16,2048,290,26,125.8994
16,2048,290,28,132.2582
16,2048,290,30,129.2912
16,2048,290,32,130.491
16,2048,290,34,123.103
16,2048,290,36,145.8152
16,2048,290,38,133.4769
16,2048,290,40,134.5872
16,2048,290,42,137.7374
16,2048,290,44,126.0914
16,2048,290,46,123.2283
16,2048,290,48,137.0308
16,2048,290,50,131.1119
16,2048,290,52,134.0402
16,2048,290,54,123.2538
16,2048,290,56,118.7839
16,2048,290,58,122.8865
16,2048,290,60,124.7619
16,2048,290,62,124.4575
16,2048,290,64,120.2593
16,2048,290,66,126.2568
16,2048,290,68,123.7593
16,2048,290,70,116.3
16,2048,290,72,120.9286
16,2048,290,74,126.173
16,2048,290,76,122.5615
16,2048,290,78,124.6338
16,2048,290,80,123.6192
16,2048,290,82,116.0564
16,2048,290,84,127.3322
16,2048,290,86,120.6503
16,2048,290,88,114.5768
16,2048,290,90,111.3503
16,2048,290,92,121.5066
16,2048,290,94,115.0255
16,2048,290,96,120.1834
16,2048,290,98,112.9716
16,2048,290,100,116.7506
16,2048,290,102,117.7625
16,2048,290,104,115.2355
16,2048,290,106,116.2357
16,2048,290,108,116.7735
16,2048,290,110,104.9754
16,2048,290,112,114.1824
16,2048,290,114,116.0631
16,2048,290,116,111.2849
16,2048,290,118,110.1284
16,2048,290,120,107.2853
16,2048,290,122,102.3559
16,2048,290,124,112.2483
16,2048,290,126,105.0894
16,2048,290,128,103.4737
16,2048,290,130,105.3762
16,2048,290,132,106.2117
16,2048,290,134,107.6212
16,2048,290,136,98.9918
16,2048,290,138,96.3225
16,2048,290,140,98.719
16,2048,290,142,103.564
16,2048,290,144,96.4129
16,2048,290,146,100.0736
16,2048,290,148,96.152
16,2048,290,150,101.0484
16,2048,290,152,92.466
16,2048,290,154,96.3959
16,2048,290,156,100.8937
16,2048,290,158,103.0869
16,2048,290,160,97.5101
16,2048,290,162,98.0803
16,2048,290,164,93.8961
16,2048,290,166,95.627
16,2048,290,168,95.5855
16,2048,290,170,95.4219
16,2048,290,172,94.3932
16,2048,290,174,93.8929
16,2048,290,176,97.5292
16,2048,290,178,93.1707
16,2048,290,180,96.0363
16,2048,290,182,97.0374
16,2048,290,184,89.217
16,2048,290,186,93.62
16,2048,290,188,94.2534
16,2048,290,190,92.1906
16,2048,290,192,91.577
16,2048,290,194,91.7947
16,2048,290,196,89.0505
16,2048,290,198,95.0838
16,2048,290,200,90.0633
16,2048,290,202,94.5102
16,2048,290,204,91.0678
16,2048,290,206,91.5691
16,2048,290,208,89.504
16,2048,290,210,90.6997
16,2048,290,212,90.4126
16,2048,290,214,87.2848
16,2048,290,216,89.0657
16,2048,290,218,88.9904
16,2048,290,220,87.7437
16,2048,290,222,84.4502
16,2048,290,224,85.8839
16,2048,290,226,86.9873
16,2048,290,228,87.0623
16,2048,290,230,81.8182
16,2048,290,232,84.2441
16,2048,290,234,83.1884
16,2048,290,236,77.9486
16,2048,290,238,78.8664
16,2048,290,240,83.1574
16,2048,290,242,87.1992
16,2048,290,244,76.3079
16,2048,290,246,77.6239
16,2048,290,248,79.6017
16,2048,290,250,74.7582
16,2048,290,252,75.9252
16,2048,290,254,79.2938
16,2048,290,256,76.5712
16,2048,290,258,77.48
16,2048,290,260,77.8766
16,2048,290,262,78.4206
16,2048,290,264,77.2093
16,2048,290,266,78.4003
16,2048,290,268,75.4346
16,2048,290,270,76.0411
16,2048,290,272,75.1751
16,2048,290,274,73.0235
16,2048,290,276,74.6435
16,2048,290,278,76.7812
16,2048,290,280,74.2147
16,2048,290,282,72.5317
16,2048,290,284,73.6137
16,2048,290,286,70.8052
16,2048,290,288,73.125
16,2048,292,2,56.6544
16,2048,292,4,75.5942
16,2048,292,6,79.7839
16,2048,292,8,90.7247
16,2048,292,10,88.7171
16,2048,292,12,127.266
16,2048,292,14,115.626
16,2048,292,16,127.2916
16,2048,292,18,109.7588
16,2048,292,20,118.6286
16,2048,292,22,106.4362
16,2048,292,24,142.6849
16,2048,292,26,129.1392
16,2048,292,28,131.0944
16,2048,292,30,126.5008
16,2048,292,32,127.895
16,2048,292,34,120.0173
16,2048,292,36,149.593
16,2048,292,38,127.2479
16,2048,292,40,138.4938
16,2048,292,42,129.4556
16,2048,292,44,133.9806
16,2048,292,46,122.8259
16,2048,292,48,129.5196
16,2048,292,50,127.4878
16,2048,292,52,129.3038
16,2048,292,54,114.4905
16,2048,292,56,120.7886
16,2048,292,58,121.698
16,2048,292,60,141.7512
16,2048,292,62,131.926
16,2048,292,64,132.6843
16,2048,292,66,120.3132
16,2048,292,68,127.8083
16,2048,292,70,117.2201
16,2048,292,72,123.6494
16,2048,292,74,124.5351
16,2048,292,76,121.781
16,2048,292,78,123.1495
16,2048,292,80,119.9199
16,2048,292,82,117.8106
16,2048,292,84,118.7266
16,2048,292,86,122.3374
16,2048,292,88,123.351
16,2048,292,90,111.4271
16,2048,292,92,118.9051
16,2048,292,94,114.226
16,2048,292,96,108.9035
16,2048,292,98,121.3419
16,2048,292,100,117.5424
16,2048,292,102,116.0739
16,2048,292,104,119.6928
16,2048,292,106,108.9147
16,2048,292,108,111.7051
16,2048,292,110,115.1351
16,2048,292,112,111.6718
16,2048,292,114,111.7418
16,2048,292,116,113.1498
16,2048,292,118,106.3638
16,2048,292,120,101.7659
16,2048,292,122,111.8617
16,2048,292,124,114.956
16,2048,292,126,104.5947
16,2048,292,128,101.8179
16,2048,292,130,98.9483
16,2048,292,132,102.9989
16,2048,292,134,98.3688
16,2048,292,136,97.5925
16,2048,292,138,101.0475
16,2048,292,140,98.1391
16,2048,292,142,92.5504
16,2048,292,144,95.7626
16,2048,292,146,96.7441
16,2048,292,148,103.5545
16,2048,292,150,96.4136
16,2048,292,152,94.1137
16,2048,292,154,93.337
16,2048,292,156,92.8786
16,2048,292,158,94.7539
16,2048,292,160,101.333
16,2048,292,162,95.9089
16,2048,292,164,97.9305
16,2048,292,166,102.017
16,2048,292,168,93.8388
16,2048,292,170,102.434
16,2048,292,172,95.4048
16,2048,292,174,90.0315
16,2048,292,176,96.5701
16,2048,292,178,89.7299
16,2048,292,180,94.5748
16,2048,292,182,96.4985
16,2048,292,184,96.7642
16,2048,292,186,93.0504
16,2048,292,188,93.9559
16,2048,292,190,94.0095
16,2048,292,192,87.1439
16,2048,292,194,89.7617
16,2048,292,196,95.0332
16,2048,292,198,84.7881
16,2048,292,200,89.7214
16,2048,292,202,92.1162
16,2048,292,204,94.0735
16,2048,292,206,90.8656
16,2048,292,208,89.0675
16,2048,292,210,82.8288
16,2048,292,212,92.5765
16,2048,292,214,90.9622
16,2048,292,216,89.2543
16,2048,292,218,86.5787
16,2048,292,220,87.7709
16,2048,292,222,86.137
16,2048,292,224,86.3751
16,2048,292,226,84.775
16,2048,292,228,85.7056
16,2048,292,230,87.0711
16,2048,292,232,81.66
16,2048,292,234,78.5224
16,2048,292,236,84.522
16,2048,292,238,83.8565
16,2048,292,240,80.0263
16,2048,292,242,84.9011
16,2048,292,244,79.5069
16,2048,292,246,81.0684
16,2048,292,248,80.1328
16,2048,292,250,80.6825
16,2048,292,252,74.9402
16,2048,292,254,81.5656
16,2048,292,256,74.5905
16,2048,292,258,81.2137
16,2048,292,260,75.0858
16,2048,292,262,77.7509
16,2048,292,264,80.6523
16,2048,292,266,70.5155
16,2048,292,268,77.2143
16,2048,292,270,70.395
16,2048,292,272,76.8434
16,2048,292,274,75.8053
16,2048,292,276,77.4752
16,2048,292,278,71.235
16,2048,292,280,70.2181
16,2048,292,282,72.5508
16,2048,292,284,67.316
16,2048,292,286,68.5985
16,2048,292,288,72.7113
16,2048,292,290,70.8689
16,2048,294,2,58.1824
16,2048,294,4,79.0503
16,2048,294,6,82.0761
16,2048,294,8,92.357
16,2048,294,10,88.824
16,2048,294,12,118.0844
16,2048,294,14,115.9068
16,2048,294,16,119.5868
16,2048,294,18,114.1707
16,2048,294,20,104.9159
16,2048,294,22,100.2176
16,2048,294,24,141.4979
16,2048,294,26,138.8245
16,2048,294,28,129.6211
16,2048,294,30,121.1452
16,2048,294,32,125.4068
16,2048,294,34,111.6805
16,2048,294,36,141.2315
16,2048,294,38,136.5878
16,2048,294,40,129.8899
16,2048,294,42,125.9606
16,2048,294,44,128.6351
16,2048,294,46,124.7102
16,2048,294,48,135.8588
16,2048,294,50,130.8806
16,2048,294,52,129.1105
16,2048,294,54,119.7309
16,2048,294,56,121.0999
16,2048,294,58,125.3621
16,2048,294,60,125.8333
16,2048,294,62,129.5519
16,2048,294,64,125.9155
16,2048,294,66,128.2139
16,2048,294,68,124.5454
16,2048,294,70,115.5347
16,2048,294,72,131.153
16,2048,294,74,123.7915
16,2048,294,76,124.7262
16,2048,294,78,122.0976
16,2048,294,80,122.5446
16,2048,294,82,118.9364
16,2048,294,84,127.5963
16,2048,294,86,121.2483
16,2048,294,88,118.5084
16,2048,294,90,115.8701
16,2048,294,92,114.3401
16,2048,294,94,108.0105
16,2048,294,96,118.5216
16,2048,294,98,120.0277
16,2048,294,100,112.6927
16,2048,294,102,112.1511
16,2048,294,104,110.8777
16,2048,294,106,112.7226
16,2048,294,108,118.162
16,2048,294,110,114.4113
16,2048,294,112,113.4338
16,2048,294,114,112.2145
16,2048,294,116,102.2068
16,2048,294,118,107.9282
16,2048,294,120,114.8951
16,2048,294,122,112.2192
16,2048,294,124,110.9871
16,2048,294,126,107.6394
16,2048,294,128,102.2656
16,2048,294,130,102.2144
16,2048,294,132,109.7106
16,2048,294,134,102.8905
16,2048,294,136,105.4001
16,2048,294,138,96.2991
16,2048,294,140,101.4109
16,2048,294,142,92.1943
16,2048,294,144,93.3226
16,2048,294,146,95.7308
16,2048,294,148,100.9719
16,2048,294,150,105.3996
16,2048,294,152,96.3231
16,2048,294,154,97.7622
16,2048,294,156,102.4143
16,2048,294,158,92.5622
16,2048,294,160,100.0559
16,2048,294,162,97.7084
16,2048,294,164,88.9009
16,2048,294,166,88.4401
16,2048,294,168,91.6557
16,2048,294,170,101.4953
16,2048,294,172,94.8522
16,2048,294,174,97.9817
16,2048,294,176,99.1642
16,2048,294,178,91.3556
16,2048,294,180,94.7637
16,2048,294,182,97.04
16,2048,294,184,87.1219
16,2048,294,186,89.1826
16,2048,294,188,91.5635
16,2048,294,190,87.7924
16,2048,294,192,92.0577
16,2048,294,194,83.2951
16,2048,294,196,91.8617
16,2048,294,198,97.078
16,2048,294,200,91.202
16,2048,294,202,88.9352
16,2048,294,204,90.746
16,2048,294,206,87.295
16,2048,294,208,94.6775
16,2048,294,210,89.52
16,2048,294,212,81.4014
16,2048,294,214,86.9625
16,2048,294,216,86.6044
16,2048,294,218,87.0193
16,2048,294,220,83.688
16,2048,294,222,90.7938
16,2048,294,224,88.0571
16,2048,294,226,87.0734
16,2048,294,228,78.261
16,2048,294,230,81.2748
16,2048,294,232,87.6982
16,2048,294,234,84.3658
16,2048,294,236,85.8874
16,2048,294,238,81.6035
16,2048,294,240,84.4652
16,2048,294,242,81.4319
16,2048,294,244,82.2675
16,2048,294,246,84.0456
16,2048,294,248,73.5545
16,2048,294,250,81.4738
16,2048,294,252,81.9298
16,2048,294,254,76.5379
16,2048,294,256,75.6566
16,2048,294,258,82.9122
16,2048,294,260,74.8637
16,2048,294,262,82.7466
16,2048,294,264,78.0477
16,2048,294,266,72.9366
16,2048,294,268,81.527
16,2048,294,270,69.4221
16,2048,294,272,75.5482
16,2048,294,274,72.3654
16,2048,294,276,67.6677
16,2048,294,278,69.5406
16,2048,294,280,75.4794
16,2048,294,282,70.2645
16,2048,294,284,71.6488
16,2048,294,286,72.1433
16,2048,294,288,65.8918
16,2048,294,290,71.8334
16,2048,294,292,67.2293
16,2048,296,2,60.033
16,2048,296,4,77.6696
16,2048,296,6,82.1837
16,2048,296,8,89.3431
16,2048,296,10,90.6107
16,2048,296,12,126.4697
16,2048,296,14,117.2012
16,2048,296,16,116.7403
16,2048,296,18,115.8379
16,2048,296,20,116.2149
16,2048,296,22,104.21
16,2048,296,24,143.1035
16,2048,296,26,126.7711
16,2048,296,28,128.9836
16,2048,296,30,122.0239
16,2048,296,32,122.016
16,2048,296,34,126.6811
16,2048,296,36,137.8296
16,2048,296,38,132.9931
16,2048,296,40,136.7409
16,2048,296,42,124.2519
16,2048,296,44,124.202
16,2048,296,46,120.097
16,2048,296,48,128.8943
16,2048,296,50,133.5588
16,2048,296,52,139.4268
16,2048,296,54,125.2731
16,2048,296,56,126.8806
16,2048,296,58,117.3867
16,2048,296,60,125.0058
16,2048,296,62,125.551
16,2048,296,64,115.2595
16,2048,296,66,120.9913
16,2048,296,68,121.2846
16,2048,296,70,118.3188
16,2048,296,72,125.6393
16,2048,296,74,120.869
16,2048,296,76,115.2082
16,2048,296,78,121.3374
16,2048,296,80,122.6867
16,2048,296,82,119.3399
16,2048,296,84,121.8157
16,2048,296,86,121.3628
16,2048,296,88,119.3786
16,2048,296,90,119.9021
16,2048,296,92,122.7495
16,2048,296,94,116.9651
16,2048,296,96,114.1228
16,2048,296,98,105.8759
16,2048,296,100,114.3894
16,2048,296,102,112.1136
16,2048,296,104,117.4859
16,2048,296,106,113.9108
16,2048,296,108,113.0761
16,2048,296,110,117.0087
16,2048,296,112,110.0015
16,2048,296,114,112.0157
16,2048,296,116,109.8092
16,2048,296,118,110.8188
16,2048,296,120,107.149
16,2048,296,122,105.9688
16,2048,296,124,104.2705
16,2048,296,126,110.4369
16,2048,296,128,105.1254
16,2048,296,130,106.4425
16,2048,296,132,109.0128
16,2048,296,134,107.0053
16,2048,296,136,104.8056
16,2048,296,138,102.296
16,2048,296,140,100.6577
16,2048,296,142,94.1474
16,2048,296,144,101.1797
16,2048,296,146,98.0892
16,2048,296,148,99.1868
16,2048,296,150,104.6135
16,2048,296,152,103.7606
16,2048,296,154,98.7569
16,2048,296,156,93.0099
16,2048,296,158,97.7838
16,2048,296,160,95.6831
16,2048,296,162,94.7344
16,2048,296,164,92.3174
16,2048,296,166,95.148
16,2048,296,168,95.7521
16,2048,296,170,92.6823
16,2048,296,172,93.5411
16,2048,296,174,98.5926
16,2048,296,176,97.9732
16,2048,296,178,100.5602
16,2048,296,180,94.9668
16,2048,296,182,87.7002
16,2048,296,184,89.1634
16,2048,296,186,91.4199
16,2048,296,188,88.8046
16,2048,296,190,93.3893
16,2048,296,192,83.9907
16,2048,296,194,94.593
16,2048,296,196,90.3925
16,2048,296,198,95.2375
16,2048,296,200,94.0189
16,2048,296,202,85.953
16,2048,296,204,88.9634
16,2048,296,206,89.679
16,2048,296,208,91.4117
16,2048,296,210,87.4253
16,2048,296,212,86.1036
16,2048,296,214,87.7633
16,2048,296,216,92.133
16,2048,296,218,80.7811
16,2048,296,220,88.5778
16,2048,296,222,86.5099
16,2048,296,224,87.8797
16,2048,296,226,84.4863
16,2048,296,228,86.8944
16,2048,296,230,82.4177
16,2048,296,232,83.2347
16,2048,296,234,86.2304
16,2048,296,236,77.9579
16,2048,296,238,79.2285
16,2048,296,240,81.1195
16,2048,296,242,83.7425
16,2048,296,244,84.7105
16,2048,296,246,84.5452
16,2048,296,248,83.2752
16,2048,296,250,79.6695
16,2048,296,252,73.2095
16,2048,296,254,81.9425
16,2048,296,256,79.8421
16,2048,296,258,73.691
16,2048,296,260,79.8722
16,2048,296,262,71.4982
16,2048,296,264,81.8059
16,2048,296,266,70.4734
16,2048,296,268,73.0029
16,2048,296,270,72.8222
16,2048,296,272,72.2193
16,2048,296,274,81.2505
16,2048,296,276,79.0349
16,2048,296,278,79.9738
16,2048,296,280,74.6941
16,2048,296,282,75.3855
16,2048,296,284,71.3541
16,2048,296,286,72.9212
16,2048,296,288,71.6242
16,2048,296,290,74.831
16,2048,296,292,69.0544
16,2048,296,294,68.4888
16,2048,298,2,58.2662
16,2048,298,4,78.266
16,2048,298,6,81.5656
16,2048,298,8,91.3615
16,2048,298,10,89.0959
16,2048,298,12,129.4706
16,2048,298,14,108.4552
16,2048,298,16,117.1164
16,2048,298,18,105.648
16,2048,298,20,111.3916
16,2048,298,22,106.9723
16,2048,298,24,141.7646
16,2048,298,26,129.1618
16,2048,298,28,125.0694
16,2048,298,30,120.914
16,2048,298,32,121.0997
16,2048,298,34,119.7528
16,2048,298,36,139.6576
16,2048,298,38,132.5933
16,2048,298,40,128.628
16,2048,298,42,124.2933
16,2048,298,44,126.3633
16,2048,298,46,125.3683
16,2048,298,48,131.5801
16,2048,298,50,131.8504
16,2048,298,52,133.8864
16,2048,298,54,126.7472
16,2048,298,56,130.2944
16,2048,298,58,114.4285
16,2048,298,60,136.2519
16,2048,298,62,128.071
16,2048,298,64,124.4427
16,2048,298,66,120.4379
16,2048,298,68,127.7363
16,2048,298,70,109.6791
16,2048,298,72,124.2503
16,2048,298,74,126.7628
16,2048,298,76,123.6981
16,2048,298,78,115.8152
16,2048,298,80,117.321
16,2048,298,82,117.0306
16,2048,298,84,111.3311
16,2048,298,86,115.3247
16,2048,298,88,113.3107
16,2048,298,90,114.7468
16,2048,298,92,112.8861
16,2048,298,94,110.552
16,2048,298,96,115.9143
16,2048,298,98,109.955
16,2048,298,100,112.9479
16,2048,298,102,109.2957
16,2048,298,104,115.185
16,2048,298,106,108.6502
16,2048,298,108,105.1083
16,2048,298,110,117.9673
16,2048,298,112,107.4555
16,2048,298,114,109.353
16,2048,298,116,113.4101
16,2048,298,118,102.9613
16,2048,298,120,111.3008
16,2048,298,122,106.092
16,2048,298,124,99.726
16,2048,298,126,105.3121
16,2048,298,128,101.3609
16,2048,298,130,104.8446
16,2048,298,132,108.0262
16,2048,298,134,92.0564
16,2048,298,136,103.0427
16,2048,298,138,97.6749
16,2048,298,140,97.5792
16,2048,298,142,104.652
16,2048,298,144,96.4468
16,2048,298,146,102.1329
16,2048,298,148,95.2785
16,2048,298,150,93.546
16,2048,298,152,92.2324
16,2048,298,154,97.4334
16,2048,298,156,92.0021
16,2048,298,158,95.0386
16,2048,298,160,88.6336
16,2048,298,162,96.0068
16,2048,298,164,96.5708
16,2048,298,166,98.0108
16,2048,298,168,95.5231
16,2048,298,170,97.6324
16,2048,298,172,94.2247
16,2048,298,174,90.048
16,2048,298,176,96.7687
16,2048,298,178,98.2062
16,2048,298,180,95.8884
16,2048,298,182,96.5478
16,2048,298,184,95.0679
16,2048,298,186,90.6347
16,2048,298,188,93.3247
16,2048,298,190,92.7782
16,2048,298,192,91.6527
16,2048,298,194,93.0273
16,2048,298,196,89.6629
16,2048,298,198,93.626
16,2048,298,200,90.084
16,2048,298,202,93.9445
16,2048,298,204,90.4766
16,2048,298,206,87.3321
16,2048,298,208,94.415
16,2048,298,210,86.9896
16,2048,298,212,94.7133
16,2048,298,214,85.1118
16,2048,298,216,87.5741
16,2048,298,218,84.694
16,2048,298,220,90.6845
16,2048,298,222,83.8891
16,2048,298,224,90.2968
16,2048,298,226,84.6583
16,2048,298,228,86.7839
16,2048,298,230,84.1977
16,2048,298,232,82.9014
16,2048,298,234,82.8517
16,2048,298,236,84.0733
16,2048,298,238,84.5568
16,2048,298,240,79.2561
16,2048,298,242,81.9244
16,2048,298,244,82.429
16,2048,298,246,75.4061
16,2048,298,248,86.4044
16,2048,298,250,82.3601
16,2048,298,252,79.6844
16,2048,298,254,78.7818
16,2048,298,256,72.7625
16,2048,298,258,73.0988
16,2048,298,260,84.7366
16,2048,298,262,82.1572
16,2048,298,264,72.7417
16,2048,298,266,75.2161
16,2048,298,268,73.1246
16,2048,298,270,79.5467
16,2048,298,272,77.3748
16,2048,298,274,76.9917
16,2048,298,276,76.9676
16,2048,298,278,73.8124
16,2048,298,280,72.9567
16,2048,298,282,75.6474
16,2048,298,284,70.0213
16,2048,298,286,68.6963
16,2048,298,288,68.788
16,2048,298,290,67.5512
16,2048,298,292,71.8799
16,2048,298,294,70.1063
16,2048,298,296,70.868
16,2048,300,2,56.9816
16,2048,300,4,84.6847
16,2048,300,6,77.309
16,2048,300,8,88.9094
16,2048,300,10,85.7156
16,2048,300,12,136.5417
16,2048,300,14,116.6368
16,2048,300,16,121.0036
16,2048,300,18,111.3102
16,2048,300,20,115.1394
16,2048,300,22,108.8912
16,2048,300,24,147.0833
16,2048,300,26,135.0984
16,2048,300,28,135.7256
16,2048,300,30,131.3456
16,2048,300,32,117.6347
16,2048,300,34,129.5623
16,2048,300,36,143.52
16,2048,300,38,131.7072
16,2048,300,40,137.6167
16,2048,300,42,127.8618
16,2048,300,44,128.2747
16,2048,300,46,125.7026
16,2048,300,48,134.4644
16,2048,300,50,127.7449
16,2048,300,52,131.5458
16,2048,300,54,130.1488
16,2048,300,56,123.5541
16,2048,300,58,123.9245
16,2048,300,60,134.8631
16,2048,300,62,131.7087
16,2048,300,64,123.1955
16,2048,300,66,125.7019
16,2048,300,68,120.3343
16,2048,300,70,116.0757
16,2048,300,72,126.594
16,2048,300,74,121.1667
16,2048,300,76,117.1482
16,2048,300,78,121.9769
16,2048,300,80,122.9181
16,2048,300,82,122.5168
16,2048,300,84,121.5684
16,2048,300,86,121.1911
16,2048,300,88,115.36
16,2048,300,90,115.1066
16,2048,300,92,118.8103
16,2048,300,94,118.3441
16,2048,300,96,118.2021
16,2048,300,98,114.9236
16,2048,300,100,117.7681
16,2048,300,102,118.6265
16,2048,300,104,116.1326
16,2048,300,106,106.4453
16,2048,300,108,113.8378
16,2048,300,110,116.3862
16,2048,300,112,115.3952
16,2048,300,114,109.8062
16,2048,300,116,103.1307
16,2048,300,118,119.2367
16,2048,300,120,99.8383
16,2048,300,122,105.0166
16,2048,300,124,110.9702
16,2048,300,126,107.7665
16,2048,300,128,114.2517
16,2048,300,130,96.2023
16,2048,300,132,104.9937
16,2048,300,134,98.0461
16,2048,300,136,97.9644
16,2048,300,138,106.1399
16,2048,300,140,101.5613
16,2048,300,142,90.6792
16,2048,300,144,102.5629
16,2048,300,146,94.7076
16,2048,300,148,99.3568
16,2048,300,150,94.9106
16,2048,300,152,103.606
16,2048,300,154,94.9723
16,2048,300,156,96.9263
16,2048,300,158,95.2679
16,2048,300,160,95.6013
16,2048,300,162,96.0556
16,2048,300,164,97.756
16,2048,300,166,94.1742
16,2048,300,168,90.8407
16,2048,300,170,89.9663
16,2048,300,172,98.1105
16,2048,300,174,96.6916
16,2048,300,176,91.3276
16,2048,300,178,102.3288
16,2048,300,180,94.1262
16,2048,300,182,92.0067
16,2048,300,184,95.934
16,2048,300,186,90.9719
16,2048,300,188,93.3322
16,2048,300,190,97.6012
16,2048,300,192,90.5606
16,2048,300,194,95.8163
16,2048,300,196,94.1
16,2048,300,198,87.908
16,2048,300,200,92.5409
16,2048,300,202,94.3277
16,2048,300,204,93.582
16,2048,300,206,93.5291
16,2048,300,208,88.1143
16,2048,300,210,89.2619
16,2048,300,212,91.3926
16,2048,300,214,82.2174
16,2048,300,216,83.6714
16,2048,300,218,85.2146
16,2048,300,220,88.6719
16,2048,300,222,82.7836
16,2048,300,224,91.1102
16,2048,300,226,85.4019
16,2048,300,228,89.8518
16,2048,300,230,86.3899
16,2048,300,232,84.7479
16,2048,300,234,84.2352
16,2048,300,236,83.7326
16,2048,300,238,81.0112
16,2048,300,240,84.8259
16,2048,300,242,80.3297
16,2048,300,244,83.2931
16,2048,300,246,79.822
16,2048,300,248,84.3555
16,2048,300,250,86.1494
16,2048,300,252,83.0485
16,2048,300,254,76.9494
16,2048,300,256,84.6173
16,2048,300,258,79.7642
16,2048,300,260,84.8824
16,2048,300,262,80.2091
16,2048,300,264,78.1013
16,2048,300,266,75.7605
16,2048,300,268,76.2528
16,2048,300,270,73.5237
16,2048,300,272,72.717
16,2048,300,274,76.5573
16,2048,300,276,73.1487
16,2048,300,278,73.2541
16,2048,300,280,74.5754
16,2048,300,282,71.0144
16,2048,300,284,73.0998
16,2048,300,286,72.4954
16,2048,300,288,72.8834
16,2048,300,290,71.4763
16,2048,300,292,71.4529
16,2048,300,294,66.737
16,2048,300,296,69.4503
16,2048,300,298,67.5096
16,2048,302,2,60.2418
16,2048,302,4,78.1075
16,2048,302,6,80.7145
16,2048,302,8,85.4193
16,2048,302,10,84.0912
16,2048,302,12,127.4426
16,2048,302,14,111.5704
16,2048,302,16,117.6168
16,2048,302,18,113.1504
16,2048,302,20,114.0592
16,2048,302,22,107.1678
16,2048,302,24,136.3284
16,2048,302,26,125.3692
16,2048,302,28,130.0277
16,2048,302,30,120.4006
16,2048,302,32,125.2817
16,2048,302,34,116.8344
16,2048,302,36,132.7539
16,2048,302,38,130.1214
16,2048,302,40,129.3203
16,2048,302,42,121.4918
16,2048,302,44,124.0175
16,2048,302,46,122.5474
16,2048,302,48,135.9396
16,2048,302,50,127.9823
16,2048,302,52,126.0153
16,2048,302,54,121.1956
16,2048,302,56,120.2262
16,2048,302,58,119.4093
16,2048,302,60,136.0404
16,2048,302,62,119.9947
16,2048,302,64,121.3868
16,2048,302,66,115.1298
16,2048,302,68,115.6853
16,2048,302,70,112.0061
16,2048,302,72,126.2274
16,2048,302,74,119.7529
16,2048,302,76,116.7893
16,2048,302,78,114.95
16,2048,302,80,111.1007
16,2048,302,82,121.2402
16,2048,302,84,112.1066
16,2048,302,86,122.0087
16,2048,302,88,123.68
16,2048,302,90,111.7336
16,2048,302,92,117.4192
16,2048,302,94,100.5992
16,2048,302,96,110.6683
16,2048,302,98,124.6654
16,2048,302,100,112.8016
16,2048,302,102,112.0112
16,2048,302,104,98.7681
16,2048,302,106,116.9343
16,2048,302,108,113.29
16,2048,302,110,109.6937
16,2048,302,112,112.4675
16,2048,302,114,104.787
16,2048,302,116,102.8496
16,2048,302,118,104.5069
16,2048,302,120,111.9057
16,2048,302,122,107.2806
16,2048,302,124,102.8078
16,2048,302,126,107.9989
16,2048,302,128,107.3695
16,2048,302,130,96.1206
16,2048,302,132,103.9726
16,2048,302,134,100.7559
16,2048,302,136,92.4414
16,2048,302,138,95.0616
16,2048,302,140,97.5768
16,2048,302,142,96.6821
16,2048,302,144,100.2869
16,2048,302,146,85.9232
16,2048,302,148,95.3448
16,2048,302,150,97.2098
16,2048,302,152,104.2262
16,2048,302,154,92.8269
16,2048,302,156,93.7633
16,2048,302,158,94.6748
16,2048,302,160,85.8911
16,2048,302,162,94.1987
16,2048,302,164,94.5111
16,2048,302,166,94.2394
16,2048,302,168,96.2499
16,2048,302,170,92.5595
16,2048,302,172,93.3878
16,2048,302,174,95.8011
16,2048,302,176,93.3225
16,2048,302,178,95.8866
16,2048,302,180,89.6524
16,2048,302,182,93.5376
16,2048,302,184,94.5991
16,2048,302,186,89.8354
16,2048,302,188,91.5294
16,2048,302,190,91.154
16,2048,302,192,90.2744
16,2048,302,194,95.9563
16,2048,302,196,88.6227
16,2048,302,198,91.9678
16,2048,302,200,91.7049
16,2048,302,202,95.4307
16,2048,302,204,93.3969
16,2048,302,206,95.9531
16,2048,302,208,87.6658
16,2048,302,210,86.1598
16,2048,302,212,87.394
16,2048,302,214,88.6747
16,2048,302,216,86.2541
16,2048,302,218,85.8069
16,2048,302,220,82.4119
16,2048,302,222,83.8973
16,2048,302,224,84.3202
16,2048,302,226,82.1536
16,2048,302,228,85.8653
16,2048,302,230,80.7598
16,2048,302,232,83.6293
16,2048,302,234,83.0936
16,2048,302,236,79.3111
16,2048,302,238,83.5772
16,2048,302,240,78.4556
16,2048,302,242,85.8546
16,2048,302,244,83.5688
16,2048,302,246,78.3896
16,2048,302,248,78.8147
16,2048,302,250,77.3184
16,2048,302,252,80.2112
16,2048,302,254,81.399
16,2048,302,256,80.8109
16,2048,302,258,79.8451
16,2048,302,260,81.23
16,2048,302,262,72.2482
16,2048,302,264,73.5105
16,2048,302,266,74.0985
16,2048,302,268,79.7884
16,2048,302,270,75.7754
16,2048,302,272,76.2858
16,2048,302,274,75.8825
16,2048,302,276,77.7978
16,2048,302,278,69.5437
16,2048,302,280,74.625
16,2048,302,282,70.0747
16,2048,302,284,66.7293
16,2048,302,286,70.7821
16,2048,302,288,69.7703
16,2048,302,290,72.564
16,2048,302,292,75.3568
16,2048,302,294,71.5686
16,2048,302,296,65.5123
16,2048,302,298,69.7316
16,2048,302,300,67.7066
16,2048,304,2,56.5388
16,2048,304,4,78.5217
16,2048,304,6,77.8843
16,2048,304,8,86.1874
16,2048,304,10,80.5032
16,2048,304,12,121.7823
16,2048,304,14,111.3968
16,2048,304,16,122.1689
16,2048,304,18,110.525
16,2048,304,20,109.1518
16,2048,304,22,105.6845
16,2048,304,24,130.9003
16,2048,304,26,127.6816
16,2048,304,28,135.949
16,2048,304,30,118.5201
16,2048,304,32,115.3831
16,2048,304,34,118.0554
16,2048,304,36,134.3999
16,2048,304,38,125.313
16,2048,304,40,132.6241
16,2048,304,42,123.6644
16,2048,304,44,122.1014
16,2048,304,46,124.2324
16,2048,304,48,129.5895
16,2048,304,50,117.0585
16,2048,304,52,132.7388
16,2048,304,54,120.8922
16,2048,304,56,127.3146
16,2048,304,58,126.3488
16,2048,304,60,129.7576
16,2048,304,62,117.7081
16,2048,304,64,123.0704
16,2048,304,66,124.0016
16,2048,304,68,119.6611
16,2048,304,70,121.9005
16,2048,304,72,131.1356
16,2048,304,74,116.0233
16,2048,304,76,124.0535
16,2048,304,78,122.9874
16,2048,304,80,116.846
16,2048,304,82,109.351
16,2048,304,84,117.7456
16,2048,304,86,106.7896
16,2048,304,88,116.6576
16,2048,304,90,109.6901
16,2048,304,92,118.4918
16,2048,304,94,106.5142
16,2048,304,96,113.327
16,2048,304,98,110.53
16,2048,304,100,118.9828
16,2048,304,102,112.4499
16,2048,304,104,108.9961
16,2048,304,106,106.4907
16,2048,304,108,119.8567
16,2048,304,110,107.6451
16,2048,304,112,103.9294
16,2048,304,114,121.0092
16,2048,304,116,108.8748
16,2048,304,118,102.4484
16,2048,304,120,103.9444
16,2048,304,122,107.2372
16,2048,304,124,99.5151
16,2048,304,126,97.0463
16,2048,304,128,107.7988
16,2048,304,130,97.7904
16,2048,304,132,109.5244
16,2048,304,134,100.2472
16,2048,304,136,99.7451
16,2048,304,138,94.2132
16,2048,304,140,105.3315
16,2048,304,142,93.2339
16,2048,304,144,101.2306
16,2048,304,146,100.3315
16,2048,304,148,96.7061
16,2048,304,150,91.6756
16,2048,304,152,96.7973
16,2048,304,154,96.703
16,2048,304,156,94.9485
16,2048,304,158,97.022
16,2048,304,160,97.9932
16,2048,304,162,96.5776
16,2048,304,164,90.9502
16,2048,304,166,95.4823
16,2048,304,168,93.9914
16,2048,304,170,96.0626
16,2048,304,172,90.2086
16,2048,304,174,87.2736
16,2048,304,176,103.823
16,2048,304,178,93.713
16,2048,304,180,94.7588
16,2048,304,182,91.7514
16,2048,304,184,95.4849
16,2048,304,186,94.4509
16,2048,304,188,92.9646
16,2048,304,190,89.0481
16,2048,304,192,93.3492
16,2048,304,194,91.513
16,2048,304,196,87.1769
16,2048,304,198,87.8862
16,2048,304,200,90.4632
16,2048,304,202,90.2333
16,2048,304,204,86.3887
16,2048,304,206,86.0099
16,2048,304,208,88.427
16,2048,304,210,84.5815
16,2048,304,212,86.275
16,2048,304,214,85.1535
16,2048,304,216,89.2237
16,2048,304,218,83.2546
16,2048,304,220,83.7189
16,2048,304,222,84.5691
16,2048,304,224,83.1556
16,2048,304,226,80.2944
16,2048,304,228,79.1857
16,2048,304,230,84.8249
16,2048,304,232,88.1041
16,2048,304,234,80.871
16,2048,304,236,83.8138
16,2048,304,238,80.8066
16,2048,304,240,77.888
16,2048,304,242,81.6043
16,2048,304,244,80.6397
16,2048,304,246,81.8634
16,2048,304,248,78.4994
16,2048,304,250,80.9477
16,2048,304,252,79.8448
16,2048,304,254,81.1415
16,2048,304,256,74.3398
16,2048,304,258,79.784
16,2048,304,260,72.9743
16,2048,304,262,71.7317
16,2048,304,264,77.4642
16,2048,304,266,78.112
16,2048,304,268,79.3736
16,2048,304,270,76.3728
16,2048,304,272,76.8862
16,2048,304,274,72.1201
16,2048,304,276,77.7802
16,2048,304,278,76.0248
16,2048,304,280,73.7824
16,2048,304,282,69.8167
16,2048,304,284,69.7598
16,2048,304,286,74.2685
16,2048,304,288,71.4763
16,2048,304,290,75.3029
16,2048,304,292,73.9702
16,2048,304,294,69.9554
16,2048,304,296,70.6694
16,2048,304,298,66.636
16,2048,304,300,64.5177
16,2048,304,302,71.4858
16,2048,306,2,54.4229
16,2048,306,4,73.6989
16,2048,306,6,76.7746
16,2048,306,8,82.5966
16,2048,306,10,80.3065
16,2048,306,12,120.0564
16,2048,306,14,116.2318
16,2048,306,16,117.244
16,2048,306,18,113.4577
16,2048,306,20,111.0471
16,2048,306,22,109.6531
16,2048,306,24,138.4865
16,2048,306,26,126.7194
16,2048,306,28,128.9836
16,2048,306,30,119.4727
16,2048,306,32,113.8473
16,2048,306,34,122.3217
16,2048,306,36,133.8062
16,2048,306,38,126.848
16,2048,306,40,137.8808
16,2048,306,42,128.243
16,2048,306,44,125.8076
16,2048,306,46,113.0217
16,2048,306,48,130.0819
16,2048,306,50,122.3394
16,2048,306,52,119.1063
16,2048,306,54,132.2891
16,2048,306,56,119.5646
16,2048,306,58,121.2833
16,2048,306,60,119.9658
16,2048,306,62,119.5867
16,2048,306,64,114.573
16,2048,306,66,116.1464
16,2048,306,68,113.6861
16,2048,306,70,121.5833
16,2048,306,72,122.4728
16,2048,306,74,122.4511
16,2048,306,76,118.4258
16,2048,306,78,119.149
16,2048,306,80,116.482
16,2048,306,82,119.0724
16,2048,306,84,121.9149
16,2048,306,86,114.8814
16,2048,306,88,115.6117
16,2048,306,90,125.3972
16,2048,306,92,105.5912
16,2048,306,94,117.0774
16,2048,306,96,115.7512
16,2048,306,98,112.7636
16,2048,306,100,109.684
16,2048,306,102,112.8591
16,2048,306,104,111.965
16,2048,306,106,106.4597
16,2048,306,108,112.564
16,2048,306,110,106.9193
16,2048,306,112,106.3061
16,2048,306,114,105.1477
16,2048,306,116,102.7733
16,2048,306,118,100.6416
16,2048,306,120,105.9504
16,2048,306,122,113.4294
16,2048,306,124,103.0436
16,2048,306,126,107.7514
16,2048,306,128,102.4998
16,2048,306,130,96.9823
16,2048,306,132,101.2576
16,2048,306,134,103.9582
16,2048,306,136,93.2932
16,2048,306,138,98.7836
16,2048,306,140,99.315
16,2048,306,142,98.514
16,2048,306,144,98.1368
16,2048,306,146,95.7578
16,2048,306,148,100.3513
16,2048,306,150,93.7679
16,2048,306,152,95.8826
16,2048,306,154,91.7731
16,2048,306,156,92.7845
16,2048,306,158,99.7975
16,2048,306,160,96.254
16,2048,306,162,92.3925
16,2048,306,164,93.1518
16,2048,306,166,90.4872
16,2048,306,168,97.8786
16,2048,306,170,93.2188
16,2048,306,172,94.8258
16,2048,306,174,96.5534
16,2048,306,176,84.557
16,2048,306,178,88.3941
16,2048,306,180,96.1273
16,2048,306,182,100.3804
16,2048,306,184,95.7859
16,2048,306,186,90.9788
16,2048,306,188,93.328
16,2048,306,190,94.8382
16,2048,306,192,88.8807
16,2048,306,194,90.4202
16,2048,306,196,86.9484
16,2048,306,198,96.3025
16,2048,306,200,91.9423
16,2048,306,202,84.294
16,2048,306,204,82.6928
16,2048,306,206,90.3613
16,2048,306,208,90.9551
16,2048,306,210,86.6804
16,2048,306,212,85.3519
16,2048,306,214,79.2961
16,2048,306,216,82.8644
16,2048,306,218,88.1009
16,2048,306,220,86.0745
16,2048,306,222,86.7185
16,2048,306,224,79.3987
16,2048,306,226,86.9199
16,2048,306,228,81.8395
16,2048,306,230,82.9099
16,2048,306,232,82.9192
16,2048,306,234,87.0659
16,2048,306,236,79.5783
16,2048,306,238,84.1272
16,2048,306,240,81.1814
16,2048,306,242,78.8402
16,2048,306,244,83.005
16,2048,306,246,82.1059
16,2048,306,248,79.0658
16,2048,306,250,81.1057
16,2048,306,252,78.747
16,2048,306,254,81.9683
16,2048,306,256,79.0396
16,2048,306,258,79.0861
16,2048,306,260,74.2907
16,2048,306,262,72.9369
16,2048,306,264,83.3029
16,2048,306,266,82.9868
16,2048,306,268,73.9115
16,2048,306,270,79.2513
16,2048,306,272,76.5223
16,2048,306,274,72.679
16,2048,306,276,76.2181
16,2048,306,278,71.4502
16,2048,306,280,70.3217
16,2048,306,282,72.0016
16,2048,306,284,67.9723
16,2048,306,286,71.37
16,2048,306,288,73.3209
16,2048,306,290,72.2743
16,2048,306,292,66.4942
16,2048,306,294,68.0836
16,2048,306,296,68.9764
16,2048,306,298,64.767
16,2048,306,300,72.4863
16,2048,306,302,70.7417
16,2048,306,304,68.14
16,2048,308,2,55.7322
16,2048,308,4,76.3829
16,2048,308,6,77.2769
16,2048,308,8,89.8112
16,2048,308,10,79.3968
16,2048,308,12,122.176
16,2048,308,14,114.6983
16,2048,308,16,116.7922
16,2048,308,18,111.1863
16,2048,308,20,112.0129
16,2048,308,22,109.5934
16,2048,308,24,132.8172
16,2048,308,26,125.0134
16,2048,308,28,125.582
16,2048,308,30,113.8149
16,2048,308,32,121.4943
16,2048,308,34,118.3445
16,2048,308,36,126.6808
16,2048,308,38,128.2484
16,2048,308,40,122.8134
16,2048,308,42,124.0941
16,2048,308,44,121.9588
16,2048,308,46,114.5828
16,2048,308,48,129.5884
16,2048,308,50,115.7469
16,2048,308,52,123.6019
16,2048,308,54,120.0859
16,2048,308,56,119.899
16,2048,308,58,116.6984
16,2048,308,60,117.7336
16,2048,308,62,118.4779
16,2048,308,64,124.0756
16,2048,308,66,111.141
16,2048,308,68,122.7574
16,2048,308,70,115.986
16,2048,308,72,120.9537
16,2048,308,74,117.8533
16,2048,308,76,116.6976
16,2048,308,78,109.1719
16,2048,308,80,108.329
16,2048,308,82,115.6841
16,2048,308,84,108.8476
16,2048,308,86,119.2791
16,2048,308,88,115.7333
16,2048,308,90,111.5101
16,2048,308,92,107.1088
16,2048,308,94,108.6316
16,2048,308,96,108.8988
16,2048,308,98,101.9563
16,2048,308,100,116.2386
16,2048,308,102,111.671
16,2048,308,104,107.0566
16,2048,308,106,109.5492
16,2048,308,108,103.4526
16,2048,308,110,107.1032
16,2048,308,112,113.7419
16,2048,308,114,103.133
16,2048,308,116,107.8503
16,2048,308,118,105.0253
16,2048,308,120,113.4312
16,2048,308,122,106.4197
16,2048,308,124,108.7993
16,2048,308,126,103.6387
16,2048,308,128,106.2314
16,2048,308,130,91.8593
16,2048,308,132,103.4642
16,2048,308,134,99.4611
16,2048,308,136,100.2235
16,2048,308,138,101.759
16,2048,308,140,88.2759
16,2048,308,142,97.6445
16,2048,308,144,96.1611
16,2048,308,146,97.6486
16,2048,308,148,94.6752
16,2048,308,150,91.2895
16,2048,308,152,94.5301
16,2048,308,154,85.5533
16,2048,308,156,91.353
16,2048,308,158,92.397
16,2048,308,160,93.3597
16,2048,308,162,93.7517
16,2048,308,164,92.9623
16,2048,308,166,92.9639
16,2048,308,168,95.2828
16,2048,308,170,94.2141
16,2048,308,172,95.9143
16,2048,308,174,97.5575
16,2048,308,176,91.2176
16,2048,308,178,91.817
16,2048,308,180,92.5168
16,2048,308,182,96.3385
16,2048,308,184,90.6395
16,2048,308,186,97.3485
16,2048,308,188,93.7968
16,2048,308,190,94.2254
16,2048,308,192,83.5883
16,2048,308,194,91.8429
16,2048,308,196,90.6013
16,2048,308,198,85.0334
16,2048,308,200,90.6903
16,2048,308,202,90.2321
16,2048,308,204,88.0986
16,2048,308,206,87.7291
16,2048,308,208,87.8491
16,2048,308,210,89.3607
16,2048,308,212,87.6782
16,2048,308,214,86.9521
16,2048,308,216,83.7546
16,2048,308,218,84.4828
16,2048,308,220,83.1008
16,2048,308,222,84.3943
16,2048,308,224,82.5734
16,2048,308,226,81.5238
16,2048,308,228,76.7166
16,2048,308,230,82.9719
16,2048,308,232,81.6094
16,2048,308,234,80.8884
16,2048,308,236,77.5182
16,2048,308,238,76.7536
16,2048,308,240,81.7583
16,2048,308,242,83.9452
16,2048,308,244,84.721
16,2048,308,246,81.6133
16,2048,308,248,76.1282
16,2048,308,250,74.8882
16,2048,308,252,76.7558
16,2048,308,254,80.3842
16,2048,308,256,75.6966
16,2048,308,258,74.3315
16,2048,308,260,73.8753
16,2048,308,262,77.566
16,2048,308,264,77.0506
16,2048,308,266,81.501
16,2048,308,268,76.1645
16,2048,308,270,79.2054
16,2048,308,272,74.3851
16,2048,308,274,72.5935
16,2048,308,276,69.5771
16,2048,308,278,78.2426
16,2048,308,280,73.9252
16,2048,308,282,73.2544
16,2048,308,284,68.9549
16,2048,308,286,71.3208
16,2048,308,288,72.9031
16,2048,308,290,68.5772
16,2048,308,292,70.7629
16,2048,308,294,69.2042
16,2048,308,296,71.3184
16,2048,308,298,65.8238
16,2048,308,300,65.8938
16,2048,308,302,60.7066
16,2048,308,304,62.3102
16,2048,308,306,63.7689
16,2048,310,2,57.1403
16,2048,310,4,74.4844
16,2048,310,6,77.6974
16,2048,310,8,83.8547
16,2048,310,10,84.2669
16,2048,310,12,119.0496
16,2048,310,14,106.7894
16,2048,310,16,109.0042
16,2048,310,18,107.4943
16,2048,310,20,104.4358
16,2048,310,22,105.6897
16,2048,310,24,130.9971
16,2048,310,26,129.8012
16,2048,310,28,122.2987
16,2048,310,30,120.1185
16,2048,310,32,113.2735
16,2048,310,34,111.215
16,2048,310,36,127.9492
16,2048,310,38,126.6865
16,2048,310,40,122.3456
16,2048,310,42,124.0174
16,2048,310,44,118.4614
16,2048,310,46,112.8033
16,2048,310,48,130.8058
16,2048,310,50,124.3957
16,2048,310,52,127.4808
16,2048,310,54,114.8486
16,2048,310,56,117.5574
16,2048,310,58,116.8776
16,2048,310,60,130.0506
16,2048,310,62,123.7395
16,2048,310,64,121.7598
16,2048,310,66,111.1588
16,2048,310,68,123.4837
16,2048,310,70,112.7968
16,2048,310,72,122.7449
16,2048,310,74,118.0409
16,2048,310,76,116.6878
16,2048,310,78,114.4147
16,2048,310,80,115.5678
16,2048,310,82,113.6954
16,2048,310,84,114.0516
16,2048,310,86,118.7373
16,2048,310,88,112.1799
16,2048,310,90,115.9128
16,2048,310,92,112.4771
16,2048,310,94,113.4613
16,2048,310,96,112.7189
16,2048,310,98,104.2682
16,2048,310,100,109.1348
16,2048,310,102,101.6738
16,2048,310,104,110.684
16,2048,310,106,107.6025
16,2048,310,108,111.468
16,2048,310,110,112.1678
16,2048,310,112,105.2594
16,2048,310,114,105.6047
16,2048,310,116,103.9684
16,2048,310,118,110.2287
16,2048,310,120,103.7989
16,2048,310,122,100.528
16,2048,310,124,102.7407
16,2048,310,126,100.6712
16,2048,310,128,98.9423
16,2048,310,130,99.9917
16,2048,310,132,99.6629
16,2048,310,134,96.032
16,2048,310,136,90.6228
16,2048,310,138,100.228
16,2048,310,140,103.1151
16,2048,310,142,99.2584
16,2048,310,144,94.334
16,2048,310,146,96.0009
16,2048,310,148,95.0111
16,2048,310,150,92.3591
16,2048,310,152,95.6158
16,2048,310,154,85.0381
16,2048,310,156,89.9937
16,2048,310,158,93.4091
16,2048,310,160,97.0592
16,2048,310,162,94.0105
16,2048,310,164,90.9995
16,2048,310,166,88.8739
16,2048,310,168,95.472
16,2048,310,170,93.1136
16,2048,310,172,95.0288
16,2048,310,174,92.1179
16,2048,310,176,90.5924
16,2048,310,178,94.2489
16,2048,310,180,88.1923
16,2048,310,182,90.9741
16,2048,310,184,86.4454
16,2048,310,186,86.6253
16,2048,310,188,84.1735
16,2048,310,190,95.6222
16,2048,310,192,87.7137
16,2048,310,194,85.8072
16,2048,310,196,90.8895
16,2048,310,198,93.5379
16,2048,310,200,88.5605
16,2048,310,202,86.2765
16,2048,310,204,88.49
16,2048,310,206,89.5043
16,2048,310,208,86.0434
16,2048,310,210,92.4494
16,2048,310,212,80.6169
16,2048,310,214,90.0357
16,2048,310,216,85.4829
16,2048,310,218,80.7113
16,2048,310,220,89.3629
16,2048,310,222,90.4521
16,2048,310,224,84.5881
16,2048,310,226,87.2741
16,2048,310,228,85.0489
16,2048,310,230,82.8384
16,2048,310,232,84.1273
16,2048,310,234,81.2627
16,2048,310,236,78.4224
16,2048,310,238,78.8793
16,2048,310,240,80.1166
16,2048,310,242,77.4796
16,2048,310,244,78.6927
16,2048,310,246,83.7874
16,2048,310,248,83.3274
16,2048,310,250,80.4432
16,2048,310,252,81.2432
16,2048,310,254,75.9021
16,2048,310,256,76.2145
16,2048,310,258,77.8089
16,2048,310,260,79.5833
16,2048,310,262,75.9005
16,2048,310,264,80.2908
16,2048,310,266,76.8788
16,2048,310,268,74.3392
16,2048,310,270,71.4734
16,2048,310,272,76.4763
16,2048,310,274,75.1888
16,2048,310,276,69.1657
16,2048,310,278,70.3617
16,2048,310,280,72.4958
16,2048,310,282,72.9305
16,2048,310,284,69.3385
16,2048,310,286,71.7333
16,2048,310,288,74.4619
16,2048,310,290,74.834
16,2048,310,292,69.7645
16,2048,310,294,74.4776
16,2048,310,296,64.3288
16,2048,310,298,69.5347
16,2048,310,300,69.1278
16,2048,310,302,68.7617
16,2048,310,304,70.1709
16,2048,310,306,66.0358
16,2048,310,308,71.4398
16,2048,312,2,56.1175
16,2048,312,4,73.6333
16,2048,312,6,85.0969
16,2048,312,8,94.2196
16,2048,312,10,91.0218
16,2048,312,12,124.8935
16,2048,312,14,112.4631
16,2048,312,16,117.1325
16,2048,312,18,112.8827
16,2048,312,20,107.4178
16,2048,312,22,105.5228
16,2048,312,24,143.8155
16,2048,312,26,130.4821
16,2048,312,28,123.3136
16,2048,312,30,116.1251
16,2048,312,32,129.3103
16,2048,312,34,112.5147
16,2048,312,36,128.5508
16,2048,312,38,129.1127
16,2048,312,40,130.9224
16,2048,312,42,129.8289
16,2048,312,44,134.3257
16,2048,312,46,116.6708
16,2048,312,48,132.7358
16,2048,312,50,130.194
16,2048,312,52,125.3344
16,2048,312,54,123.0368
16,2048,312,56,128.2145
16,2048,312,58,120.6724
16,2048,312,60,135.502
16,2048,312,62,122.3102
16,2048,312,64,127.2336
16,2048,312,66,122.2132
16,2048,312,68,116.2621
16,2048,312,70,105.0598
16,2048,312,72,124.1931
16,2048,312,74,114.0303
16,2048,312,76,118.4307
16,2048,312,78,110.9612
16,2048,312,80,118.4029
16,2048,312,82,113.0514
16,2048,312,84,127.6949
16,2048,312,86,113.2799
16,2048,312,88,117.2037
16,2048,312,90,112.3731
16,2048,312,92,115.2803
16,2048,312,94,108.6983
16,2048,312,96,112.5993
16,2048,312,98,111.9259
16,2048,312,100,113.4266
16,2048,312,102,97.0074
16,2048,312,104,108.9679
16,2048,312,106,108.683
16,2048,312,108,107.9531
16,2048,312,110,106.9919
16,2048,312,112,106.7051
16,2048,312,114,108.5181
16,2048,312,116,109.0631
16,2048,312,118,106.7926
16,2048,312,120,108.0886
16,2048,312,122,104.5514
16,2048,312,124,106.5959
16,2048,312,126,106.2919
16,2048,312,128,91.0804
16,2048,312,130,97.7604
16,2048,312,132,107.7084
16,2048,312,134,101.3014
16,2048,312,136,107.8596
16,2048,312,138,98.5813
16,2048,312,140,101.6802
16,2048,312,142,93.1644
16,2048,312,144,101.7291
16,2048,312,146,99.6807
16,2048,312,148,96.178
16,2048,312,150,94.5751
16,2048,312,152,93.6735
16,2048,312,154,90.431
16,2048,312,156,95.044
16,2048,312,158,93.4896
16,2048,312,160,89.9761
16,2048,312,162,94.9295
16,2048,312,164,88.029
16,2048,312,166,94.9541
16,2048,312,168,96.0499
16,2048,312,170,95.1062
16,2048,312,172,88.2416
16,2048,312,174,89.0466
16,2048,312,176,92.7853
16,2048,312,178,97.9964
16,2048,312,180,88.8371
16,2048,312,182,89.6396
16,2048,312,184,93.6241
16,2048,312,186,87.5393
16,2048,312,188,92.6554
16,2048,312,190,91.5838
16,2048,312,192,93.2757
16,2048,312,194,90.6173
16,2048,312,196,90.1382
16,2048,312,198,88.2858
16,2048,312,200,90.5458
16,2048,312,202,86.2883
16,2048,312,204,87.8161
16,2048,312,206,90.2434
16,2048,312,208,92.7499
16,2048,312,210,93.0112
16,2048,312,212,91.352
16,2048,312,214,86.2671
16,2048,312,216,82.9909
16,2048,312,218,90.4735
16,2048,312,220,81.1829
16,2048,312,222,88.1327
16,2048,312,224,86.8708
16,2048,312,226,85.1894
16,2048,312,228,78.7947
16,2048,312,230,90.2481
16,2048,312,232,85.6398
16,2048,312,234,80.2184
16,2048,312,236,90.4521
16,2048,312,238,83.7991
16,2048,312,240,84.8356
16,2048,312,242,81.8062
16,2048,312,244,81.1112
16,2048,312,246,76.2507
16,2048,312,248,79.6551
16,2048,312,250,84.8334
16,2048,312,252,82.9005
16,2048,312,254,83.5338
16,2048,312,256,75.0695
16,2048,312,258,79.7258
16,2048,312,260,78.6845
16,2048,312,262,79.7583
16,2048,312,264,75.6613
16,2048,312,266,76.5093
16,2048,312,268,74.6611
16,2048,312,270,78.336
16,2048,312,272,79.4362
16,2048,312,274,72.1638
16,2048,312,276,74.6473
16,2048,312,278,72.542
16,2048,312,280,76.4019
16,2048,312,282,74.8242
16,2048,312,284,79.4479
16,2048,312,286,74.8268
16,2048,312,288,68.3262
16,2048,312,290,74.9794
16,2048,312,292,78.5875
16,2048,312,294,71.6614
16,2048,312,296,65.9722
16,2048,312,298,68.2362
16,2048,312,300,70.0921
16,2048,312,302,70.5367
16,2048,312,304,68.4722
16,2048,312,306,67.7355
16,2048,312,308,71.3768
16,2048,312,310,66.8566
16,2048,314,2,57.0588
16,2048,314,4,72.3123
16,2048,314,6,79.9427
16,2048,314,8,84.7778
16,2048,314,10,84.4202
16,2048,314,12,120.8643
16,2048,314,14,110.2699
16,2048,314,16,110.7782
16,2048,314,18,105.6917
16,2048,314,20,110.6461
16,2048,314,22,104.172
16,2048,314,24,137.6914
16,2048,314,26,123.9884
16,2048,314,28,122.3605
16,2048,314,30,114.3017
16,2048,314,32,122.3437
16,2048,314,34,110.2864
16,2048,314,36,131.9618
16,2048,314,38,124.4221
16,2048,314,40,114.8656
16,2048,314,42,117.4673
16,2048,314,44,126.4403
16,2048,314,46,112.9495
16,2048,314,48,127.5282
16,2048,314,50,116.8373
16,2048,314,52,113.0542
16,2048,314,54,131.1517
16,2048,314,56,120.5593
16,2048,314,58,113.9586
16,2048,314,60,120.293
16,2048,314,62,117.3235
16,2048,314,64,123.6162
16,2048,314,66,115.7707
16,2048,314,68,110.7488
16,2048,314,70,112.3872
16,2048,314,72,117.926
16,2048,314,74,116.0893
16,2048,314,76,111.0334
16,2048,314,78,112.4282
16,2048,314,80,113.3734
16,2048,314,82,110.4826
16,2048,314,84,110.4157
16,2048,314,86,105.4985
16,2048,314,88,119.3314
16,2048,314,90,106.1904
16,2048,314,92,112.3617
16,2048,314,94,98.5499
16,2048,314,96,107.1
16,2048,314,98,107.6737
16,2048,314,100,116.0838
16,2048,314,102,100.127
16,2048,314,104,106.8718
16,2048,314,106,104.31
16,2048,314,108,114.9036
16,2048,314,110,104.1522
16,2048,314,112,109.7508
16,2048,314,114,110.8165
16,2048,314,116,103.668
16,2048,314,118,107.5165
16,2048,314,120,101.2987
16,2048,314,122,101.8584
16,2048,314,124,103.3187
16,2048,314,126,104.6375
16,2048,314,128,101.9805
16,2048,314,130,98.8317
16,2048,314,132,98.0566
16,2048,314,134,99.676
16,2048,314,136,93.1159
16,2048,314,138,95.8282
16,2048,314,140,97.0759
16,2048,314,142,93.6626
16,2048,314,144,100.1075
16,2048,314,146,96.7907
16,2048,314,148,100.0791
16,2048,314,150,95.399
16,2048,314,152,91.2388
16,2048,314,154,86.4833
16,2048,314,156,94.2073
16,2048,314,158,93.0025
16,2048,314,160,93.3218
16,2048,314,162,98.5193
16,2048,314,164,90.8665
16,2048,314,166,98.9775
16,2048,314,168,93.026
16,2048,314,170,101.4464
16,2048,314,172,93.4828
16,2048,314,174,92.6357
16,2048,314,176,97.0783
16,2048,314,178,93.566
16,2048,314,180,89.8302
16,2048,314,182,91.1257
16,2048,314,184,82.4075
16,2048,314,186,90.0693
16,2048,314,188,95.186
16,2048,314,190,92.8293
16,2048,314,192,82.2872
16,2048,314,194,86.5579
16,2048,314,196,85.0814
16,2048,314,198,90.9027
16,2048,314,200,86.9534
16,2048,314,202,86.122
16,2048,314,204,88.9172
16,2048,314,206,88.8808
16,2048,314,208,85.2775
16,2048,314,210,83.0686
16,2048,314,212,84.1234
16,2048,314,214,89.2688
16,2048,314,216,89.6297
16,2048,314,218,87.1862
16,2048,314,220,85.2877
16,2048,314,222,81.8473
16,2048,314,224,86.4054
16,2048,314,226,81.9239
16,2048,314,228,82.6392
16,2048,314,230,81.5435
16,2048,314,232,82.7596
16,2048,314,234,84.2096
16,2048,314,236,79.4639
16,2048,314,238,84.9778
16,2048,314,240,82.0468
16,2048,314,242,78.489
16,2048,314,244,83.3026
16,2048,314,246,72.6386
16,2048,314,248,79.6546
16,2048,314,250,77.9961
16,2048,314,252,81.2103
16,2048,314,254,77.555
16,2048,314,256,74.1738
16,2048,314,258,76.17
16,2048,314,260,77.7941
16,2048,314,262,82.832
16,2048,314,264,76.4033
16,2048,314,266,76.7832
16,2048,314,268,74.9717
16,2048,314,270,76.9894
16,2048,314,272,71.7884
16,2048,314,274,78.5394
16,2048,314,276,71.052
16,2048,314,278,73.3722
16,2048,314,280,77.1201
16,2048,314,282,71.307
16,2048,314,284,72.6613
16,2048,314,286,75.9879
16,2048,314,288,71.5148
16,2048,314,290,74.3964
16,2048,314,292,68.8571
16,2048,314,294,69.4048
16,2048,314,296,67.6295
16,2048,314,298,70.3771
16,2048,314,300,72.1586
16,2048,314,302,65.4084
16,2048,314,304,70.5668
16,2048,314,306,66.5373
16,2048,314,308,68.9676
16,2048,314,310,64.4248
16,2048,314,312,65.7495
16,2048,316,2,54.7867
16,2048,316,4,71.2229
16,2048,316,6,76.623
16,2048,316,8,79.5891
16,2048,316,10,84.9711
16,2048,316,12,118.0876
16,2048,316,14,106.0274
16,2048,316,16,108.101
16,2048,316,18,101.8368
16,2048,316,20,102.9074
16,2048,316,22,103.0034
16,2048,316,24,135.719
16,2048,316,26,126.0666
16,2048,316,28,114.6901
16,2048,316,30,116.3165
16,2048,316,32,119.0953
16,2048,316,34,114.2521
16,2048,316,36,129.5823
16,2048,316,38,125.8013
16,2048,316,40,122.2847
16,2048,316,42,117.5548
16,2048,316,44,113.9638
16,2048,316,46,112.7328
16,2048,316,48,125.5664
16,2048,316,50,117.4646
16,2048,316,52,113.9096
16,2048,316,54,117.7037
16,2048,316,56,117.473
16,2048,316,58,108.9561
16,2048,316,60,122.0973
16,2048,316,62,121.6616
16,2048,316,64,119.2554
16,2048,316,66,104.8316
16,2048,316,68,116.4828
16,2048,316,70,114.5506
16,2048,316,72,117.8205
16,2048,316,74,108.9414
16,2048,316,76,118.8471
16,2048,316,78,113.739
16,2048,316,80,115.2073
16,2048,316,82,112.9266
16,2048,316,84,109.7463
16,2048,316,86,116.1116
16,2048,316,88,113.8317
16,2048,316,90,104.3944
16,2048,316,92,110.5376
16,2048,316,94,109.4893
16,2048,316,96,116.94
16,2048,316,98,108.8635
16,2048,316,100,109.1277
16,2048,316,102,107.2554
16,2048,316,104,105.1927
16,2048,316,106,112.8741
16,2048,316,108,107.0368
16,2048,316,110,110.7135
16,2048,316,112,103.2776
16,2048,316,114,107.884
16,2048,316,116,101.8354
16,2048,316,118,110.8439
16,2048,316,120,101.665
16,2048,316,122,101.7626
16,2048,316,124,109.3918
16,2048,316,126,110.2373
16,2048,316,128,102.2331
16,2048,316,130,102.8978
16,2048,316,132,103.0762
16,2048,316,134,101.4031
16,2048,316,136,98.6743
16,2048,316,138,91.9693
16,2048,316,140,101.38
16,2048,316,142,98.0518
16,2048,316,144,93.6224
16,2048,316,146,97.269
16,2048,316,148,98.403
16,2048,316,150,95.0606
16,2048,316,152,96.8411
16,2048,316,154,91.984
16,2048,316,156,93.4383
16,2048,316,158,87.6448
16,2048,316,160,96.3259
16,2048,316,162,88.5841
16,2048,316,164,82.5599
16,2048,316,166,88.6566
16,2048,316,168,92.544
16,2048,316,170,89.6327
16,2048,316,172,94.1432
16,2048,316,174,85.3968
16,2048,316,176,96.2828
16,2048,316,178,91.4118
16,2048,316,180,88.4774
16,2048,316,182,93.4595
16,2048,316,184,88.6292
16,2048,316,186,93.8396
16,2048,316,188,88.2335
16,2048,316,190,84.8044
16,2048,316,192,90.6202
16,2048,316,194,88.9258
16,2048,316,196,95.814
16,2048,316,198,87.5034
16,2048,316,200,87.6753
16,2048,316,202,87.6028
16,2048,316,204,86.5774
16,2048,316,206,88.8822
16,2048,316,208,88.1449
16,2048,316,210,91.7494
16,2048,316,212,80.1609
16,2048,316,214,80.6682
16,2048,316,216,85.1784
16,2048,316,218,88.2448
16,2048,316,220,90.5485
16,2048,316,222,83.5308
16,2048,316,224,85.62
16,2048,316,226,79.5675
16,2048,316,228,82.2845
16,2048,316,230,85.2016
16,2048,316,232,82.9179
16,2048,316,234,82.9536
16,2048,316,236,79.5265
16,2048,316,238,79.4009
16,2048,316,240,84.5355
16,2048,316,242,78.0657
16,2048,316,244,80.5647
16,2048,316,246,75.0584
16,2048,316,248,76.4241
16,2048,316,250,80.1841
16,2048,316,252,81.586
16,2048,316,254,75.0194
16,2048,316,256,78.6715
16,2048,316,258,75.9473
16,2048,316,260,74.618
16,2048,316,262,73.7046
16,2048,316,264,80.9384
16,2048,316,266,77.4727
16,2048,316,268,81.0782
16,2048,316,270,77.5148
16,2048,316,272,76.5211
16,2048,316,274,70.7031
16,2048,316,276,74.4975
16,2048,316,278,73.9515
16,2048,316,280,75.3792
16,2048,316,282,75.6706
16,2048,316,284,69.0058
16,2048,316,286,69.3015
16,2048,316,288,69.7262
16,2048,316,290,72.2834
16,2048,316,292,68.7765
16,2048,316,294,67.6869
16,2048,316,296,64.1032
16,2048,316,298,66.3076
16,2048,316,300,71.5528
16,2048,316,302,66.1256
16,2048,316,304,69.9204
16,2048,316,306,67.8599
16,2048,316,308,69.5205
16,2048,316,310,65.6464
16,2048,316,312,69.4187
16,2048,316,314,64.1005
16,2048,318,2,57.2678
16,2048,318,4,69.0265
16,2048,318,6,76.5963
16,2048,318,8,82.6109
16,2048,318,10,78.3029
16,2048,318,12,119.058
16,2048,318,14,109.1345
16,2048,318,16,107.6773
16,2048,318,18,107.8029
16,2048,318,20,100.0995
16,2048,318,22,100.1605
16,2048,318,24,125.3647
16,2048,318,26,124.0391
16,2048,318,28,113.7278
16,2048,318,30,116.4505
16,2048,318,32,114.3379
16,2048,318,34,112.9123
16,2048,318,36,131.6107
16,2048,318,38,122.4814
16,2048,318,40,119.0066
16,2048,318,42,112.7667
16,2048,318,44,116.4353
16,2048,318,46,115.913
16,2048,318,48,129.928
16,2048,318,50,126.9156
16,2048,318,52,118.7803
16,2048,318,54,119.4652
16,2048,318,56,116.8185
16,2048,318,58,114.3592
16,2048,318,60,128.6348
16,2048,318,62,119.9057
16,2048,318,64,119.4206
16,2048,318,66,111.2704
16,2048,318,68,117.9797
16,2048,318,70,114.3273
16,2048,318,72,114.6407
16,2048,318,74,117.951
16,2048,318,76,106.2485
16,2048,318,78,113.9462
16,2048,318,80,112.3074
16,2048,318,82,102.0263
16,2048,318,84,113.8765
16,2048,318,86,109.4464
16,2048,318,88,107.8584
16,2048,318,90,101.8831
16,2048,318,92,106.8665
16,2048,318,94,106.2296
16,2048,318,96,99.6664
16,2048,318,98,117.8259
16,2048,318,100,106.8114
16,2048,318,102,104.9937
16,2048,318,104,107.381
16,2048,318,106,99.4397
16,2048,318,108,105.0848
16,2048,318,110,109.6513
16,2048,318,112,105.4758
16,2048,318,114,102.8872
16,2048,318,116,102.2334
16,2048,318,118,93.5827
16,2048,318,120,105.9017
16,2048,318,122,102.7133
16,2048,318,124,95.9785
16,2048,318,126,99.5841
16,2048,318,128,98.4115
16,2048,318,130,96.469
16,2048,318,132,99.9195
16,2048,318,134,102.26
16,2048,318,136,96.9938
16,2048,318,138,92.5462
16,2048,318,140,92.8511
16,2048,318,142,96.487
16,2048,318,144,95.0396
16,2048,318,146,95.645
16,2048,318,148,93.5437
16,2048,318,150,93.2396
16,2048,318,152,93.2872
16,2048,318,154,87.0898
16,2048,318,156,96.9564
16,2048,318,158,96.0741
16,2048,318,160,95.0353
16,2048,318,162,95.5254
16,2048,318,164,85.7209
16,2048,318,166,90.825
16,2048,318,168,93.1117
16,2048,318,170,96.9847
16,2048,318,172,96.7041
16,2048,318,174,92.4995
16,2048,318,176,87.174
16,2048,318,178,92.7436
16,2048,318,180,89.7047
16,2048,318,182,91.379
16,2048,318,184,86.1099
16,2048,318,186,96.0705
16,2048,318,188,85.1511
16,2048,318,190,82.1809
16,2048,318,192,89.3328
16,2048,318,194,88.2978
16,2048,318,196,87.9661
16,2048,318,198,88.8478
16,2048,318,200,85.5757
16,2048,318,202,82.1549
16,2048,318,204,84.8931
16,2048,318,206,86.388
16,2048,318,208,82.945
16,2048,318,210,83.5635
16,2048,318,212,89.0997
16,2048,318,214,82.2569
16,2048,318,216,86.3383
16,2048,318,218,84.1359
16,2048,318,220,80.3405
16,2048,318,222,84.8065
16,2048,318,224,81.9229
16,2048,318,226,86.8692
16,2048,318,228,82.6186
16,2048,318,230,79.8468
16,2048,318,232,81.7113
16,2048,318,234,75.5491
16,2048,318,236,79.8155
16,2048,318,238,84.9714
16,2048,318,240,78.7636
16,2048,318,242,78.3578
16,2048,318,244,75.9983
16,2048,318,246,85.0419
16,2048,318,248,81.8813
16,2048,318,250,75.6018
16,2048,318,252,81.951
16,2048,318,254,76.5413
16,2048,318,256,74.7765
16,2048,318,258,79.1221
16,2048,318,260,81.036
16,2048,318,262,77.1724
16,2048,318,264,73.039
16,2048,318,266,75.6233
16,2048,318,268,73.1859
16,2048,318,270,78.3396
16,2048,318,272,73.338
16,2048,318,274,74.6386
16,2048,318,276,71.959
16,2048,318,278,73.7758
16,2048,318,280,70.5549
16,2048,318,282,69.5317
16,2048,318,284,67.6419
16,2048,318,286,69.5544
16,2048,318,288,72.5797
16,2048,318,290,74.2337
16,2048,318,292,71.4046
16,2048,318,294,66.5044
16,2048,318,296,72.1425
16,2048,318,298,71.9208
16,2048,318,300,71.4686
16,2048,318,302,70.1941
16,2048,318,304,66.0945
16,2048,318,306,67.6126
16,2048,318,308,66.5452
16,2048,318,310,62.5773
16,2048,318,312,62.0301
16,2048,318,314,63.1625
16,2048,318,316,64.3868
16,2048,320,2,55.1314
16,2048,320,4,72.4788
16,2048,320,6,69.49
16,2048,320,8,77.0708
16,2048,320,10,79.1609
16,2048,320,12,114.8424
16,2048,320,14,102.8232
16,2048,320,16,108.4745
16,2048,320,18,107.6677
16,2048,320,20,98.6817
16,2048,320,22,95.4356
16,2048,320,24,124.5096
16,2048,320,26,120.0367
16,2048,320,28,119.6269
16,2048,320,30,111.0503
16,2048,320,32,112.7289
16,2048,320,34,108.7348
16,2048,320,36,129.9633
16,2048,320,38,115.7669
16,2048,320,40,123.2183
16,2048,320,42,116.5865
16,2048,320,44,115.3946
16,2048,320,46,115.4357
16,2048,320,48,113.5103
16,2048,320,50,114.2676
16,2048,320,52,122.5983
16,2048,320,54,116.7366
16,2048,320,56,114.9056
16,2048,320,58,106.6376
16,2048,320,60,114.1093
16,2048,320,62,109.7026
16,2048,320,64,108.6683
16,2048,320,66,109.5534
16,2048,320,68,113.9821
16,2048,320,70,107.3117
16,2048,320,72,115.5987
16,2048,320,74,116.604
16,2048,320,76,107.7833
16,2048,320,78,113.4535
16,2048,320,80,107.5938
16,2048,320,82,108.0844
16,2048,320,84,117.4225
16,2048,320,86,100.8366
16,2048,320,88,104.6668
16,2048,320,90,102.6152
16,2048,320,92,106.9019
16,2048,320,94,106.5808
16,2048,320,96,102.0588
16,2048,320,98,97.9078
16,2048,320,100,108.5638
16,2048,320,102,91.9274
16,2048,320,104,102.6496
16,2048,320,106,93.0533
16,2048,320,108,104.1205
16,2048,320,110,101.376
16,2048,320,112,107.9135
16,2048,320,114,104.3611
16,2048,320,116,100.9026
16,2048,320,118,104.0325
16,2048,320,120,102.4006
16,2048,320,122,95.3115
16,2048,320,124,104.6662
16,2048,320,126,96.9875
16,2048,320,128,98.9638
16,2048,320,130,100.7924
16,2048,320,132,96.9182
16,2048,320,134,98.2528
16,2048,320,136,97.4575
16,2048,320,138,91.0863
16,2048,320,140,96.0906
16,2048,320,142,95.2735
16,2048,320,144,91.9256
16,2048,320,146,97.195
16,2048,320,148,94.8631
16,2048,320,150,96.0248
16,2048,320,152,89.1589
16,2048,320,154,92.0252
16,2048,320,156,93.2775
16,2048,320,158,87.5723
16,2048,320,160,84.3609
16,2048,320,162,96.8993
16,2048,320,164,84.2199
16,2048,320,166,88.6347
16,2048,320,168,91.3329
16,2048,320,170,90.1892
16,2048,320,172,92.1212
16,2048,320,174,87.0025
16,2048,320,176,84.2086
16,2048,320,178,86.1627
16,2048,320,180,95.6211
16,2048,320,182,95.5197
16,2048,320,184,87.799
16,2048,320,186,89.1075
16,2048,320,188,85.6992
16,2048,320,190,90.1721
16,2048,320,192,83.9202
16,2048,320,194,84.7186
16,2048,320,196,84.8075
16,2048,320,198,82.9133
16,2048,320,200,90.1212
16,2048,320,202,82.6488
16,2048,320,204,88.6664
16,2048,320,206,84.3119
16,2048,320,208,84.2144
16,2048,320,210,86.7121
16,2048,320,212,83.5523
16,2048,320,214,79.7275
16,2048,320,216,83.3296
16,2048,320,218,83.1283
16,2048,320,220,83.8415
16,2048,320,222,82.7195
16,2048,320,224,84.1983
16,2048,320,226,84.3801
16,2048,320,228,83.921
16,2048,320,230,79.1123
16,2048,320,232,76.5106
16,2048,320,234,80.2767
16,2048,320,236,75.3924
16,2048,320,238,78.9326
16,2048,320,240,81.3035
16,2048,320,242,72.9624
16,2048,320,244,76.6165
16,2048,320,246,75.5378
16,2048,320,248,78.7767
16,2048,320,250,79.8846
16,2048,320,252,78.1249
16,2048,320,254,74.2586
16,2048,320,256,75.509
16,2048,320,258,74.8698
16,2048,320,260,77.0092
16,2048,320,262,73.2315
16,2048,320,264,74.1266
16,2048,320,266,71.8821
16,2048,320,268,74.5169
16,2048,320,270,79.3953
16,2048,320,272,71.3975
16,2048,320,274,70.4755
16,2048,320,276,69.2253
16,2048,320,278,72.0211
16,2048,320,280,74.1628
16,2048,320,282,71.0557
16,2048,320,284,74.1558
16,2048,320,286,73.7714
16,2048,320,288,71.1801
16,2048,320,290,72.9042
16,2048,320,292,72.0052
16,2048,320,294,69.8719
16,2048,320,296,69.136
16,2048,320,298,70.1979
16,2048,320,300,65.7042
16,2048,320,302,68.716
16,2048,320,304,64.9546
16,2048,320,306,61.7211
16,2048,320,308,63.4693
16,2048,320,310,69.4907
16,2048,320,312,65.0883
16,2048,320,314,66.1232
16,2048,320,316,63.0954
16,2048,320,318,68.0829
16,2048,322,2,52.7906
16,2048,322,4,72.4129
16,2048,322,6,68.7047
16,2048,322,8,74.0927
16,2048,322,10,80.1993
16,2048,322,12,112.5914
16,2048,322,14,102.2659
16,2048,322,16,106.0698
16,2048,322,18,99.138
16,2048,322,20,104.0174
16,2048,322,22,96.3083
16,2048,322,24,130.2806
16,2048,322,26,117.5155
16,2048,322,28,118.0409
16,2048,322,30,110.1316
16,2048,322,32,111.9653
16,2048,322,34,112.906
16,2048,322,36,119.5178
16,2048,322,38,109.8978
16,2048,322,40,122.6622
16,2048,322,42,113.0746
16,2048,322,44,117.4577
16,2048,322,46,110.2762
16,2048,322,48,116.9512
16,2048,322,50,111.2064
16,2048,322,52,115.2492
16,2048,322,54,113.4909
16,2048,322,56,116.0898
16,2048,322,58,106.3271
16,2048,322,60,114.2469
16,2048,322,62,109.2778
16,2048,322,64,104.8721
16,2048,322,66,110.7179
16,2048,322,68,115.6801
16,2048,322,70,111.3293
16,2048,322,72,118.5297
16,2048,322,74,105.8692
16,2048,322,76,109.2896
16,2048,322,78,103.8215
16,2048,322,80,103.851
16,2048,322,82,110.5941
16,2048,322,84,108.6079
16,2048,322,86,105.7535
16,2048,322,88,105.2329
16,2048,322,90,109.2747
16,2048,322,92,98.8352
16,2048,322,94,94.3384
16,2048,322,96,116.4797
16,2048,322,98,101.3179
16,2048,322,100,111.7024
16,2048,322,102,99.1991
16,2048,322,104,99.0039
16,2048,322,106,104.0131
16,2048,322,108,95.1799
16,2048,322,110,96.0105
16,2048,322,112,102.0307
16,2048,322,114,94.6854
16,2048,322,116,98.3335
16,2048,322,118,104.6377
16,2048,322,120,101.1968
16,2048,322,122,98.923
16,2048,322,124,104.8795
16,2048,322,126,94.3198
16,2048,322,128,95.308
16,2048,322,130,94.5129
16,2048,322,132,96.0581
16,2048,322,134,94.1906
16,2048,322,136,95.8141
16,2048,322,138,98.6846
16,2048,322,140,93.6187
16,2048,322,142,95.4215
16,2048,322,144,90.1561
16,2048,322,146,85.1523
16,2048,322,148,96.5843
16,2048,322,150,89.4206
16,2048,322,152,92.0927
16,2048,322,154,86.5217
16,2048,322,156,93.8897
16,2048,322,158,89.6589
16,2048,322,160,90.5373
16,2048,322,162,87.4659
16,2048,322,164,85.3153
16,2048,322,166,88.6294
16,2048,322,168,92.2732
16,2048,322,170,92.9482
16,2048,322,172,89.0253
16,2048,322,174,84.8201
16,2048,322,176,81.4657
16,2048,322,178,82.3144
16,2048,322,180,84.942
16,2048,322,182,83.4238
16,2048,322,184,87.3065
16,2048,322,186,86.6658
16,2048,322,188,82.5787
16,2048,322,190,90.1607
16,2048,322,192,85.1987
16,2048,322,194,84.0604
16,2048,322,196,87.8339
16,2048,322,198,85.6821
16,2048,322,200,89.6461
16,2048,322,202,85.8898
16,2048,322,204,89.4186
16,2048,322,206,84.0717
16,2048,322,208,86.4812
16,2048,322,210,86.0306
16,2048,322,212,84.1469
16,2048,322,214,81.4887
16,2048,322,216,84.2482
16,2048,322,218,86.9625
16,2048,322,220,84.6147
16,2048,322,222,83.223
16,2048,322,224,80.535
16,2048,322,226,84.6679
16,2048,322,228,81.9822
16,2048,322,230,77.9128
16,2048,322,232,78.7059
16,2048,322,234,78.5807
16,2048,322,236,80.6896
16,2048,322,238,80.6396
16,2048,322,240,79.2335
16,2048,322,242,81.349
16,2048,322,244,78.104
16,2048,322,246,82.2211
16,2048,322,248,78.2924
16,2048,322,250,77.8619
16,2048,322,252,76.0426
16,2048,322,254,76.8106
16,2048,322,256,78.2409
16,2048,322,258,74.2065
16,2048,322,260,75.75
16,2048,322,262,74.818
16,2048,322,264,71.2359
16,2048,322,266,76.9673
16,2048,322,268,72.0734
16,2048,322,270,70.9687
16,2048,322,272,70.9489
16,2048,322,274,75.9838
16,2048,322,276,77.0202
16,2048,322,278,68.8996
16,2048,322,280,69.3697
16,2048,322,282,62.7718
16,2048,322,284,70.0405
16,2048,322,286,74.2561
16,2048,322,288,70.4069
16,2048,322,290,68.0075
16,2048,322,292,65.2937
16,2048,322,294,70.4848
16,2048,322,296,70.0874
16,2048,322,298,68.3742
16,2048,322,300,67.6992
16,2048,322,302,70.2966
16,2048,322,304,67.8837
16,2048,322,306,68.1398
16,2048,322,308,65.7582
16,2048,322,310,66.612
16,2048,322,312,67.0328
16,2048,322,314,63.4414
16,2048,322,316,65.7451
16,2048,322,318,65.5528
16,2048,322,320,68.3214
16,2048,324,2,50.7558
16,2048,324,4,70.1766
16,2048,324,6,76.2248
16,2048,324,8,79.3941
16,2048,324,10,83.1376
16,2048,324,12,121.5617
16,2048,324,14,103.0092
16,2048,324,16,121.0427
16,2048,324,18,99.8359
16,2048,324,20,106.0134
16,2048,324,22,99.6362
16,2048,324,24,135.7813
16,2048,324,26,122.4459
16,2048,324,28,117.3377
16,2048,324,30,116.2945
16,2048,324,32,115.5694
16,2048,324,34,117.3671
16,2048,324,36,135.3881
16,2048,324,38,123.0476
16,2048,324,40,116.8174
16,2048,324,42,118.7432
16,2048,324,44,117.8703
16,2048,324,46,109.0759
16,2048,324,48,132.1949
16,2048,324,50,117.7956
16,2048,324,52,118.9103
16,2048,324,54,117.9575
16,2048,324,56,121.0977
16,2048,324,58,111.4489
16,2048,324,60,112.5237
16,2048,324,62,123.1502
16,2048,324,64,118.4207
16,2048,324,66,116.9409
16,2048,324,68,113.3067
16,2048,324,70,112.1974
16,2048,324,72,114.088
16,2048,324,74,110.6899
16,2048,324,76,114.7259
16,2048,324,78,112.7144
16,2048,324,80,104.5897
16,2048,324,82,102.9947
16,2048,324,84,122.8706
16,2048,324,86,112.1856
16,2048,324,88,105.9272
16,2048,324,90,115.8758
16,2048,324,92,110.309
16,2048,324,94,108.7811
16,2048,324,96,110.9189
16,2048,324,98,110.7358
16,2048,324,100,106.7118
16,2048,324,102,105.0161
16,2048,324,104,105.2059
16,2048,324,106,104.8685
16,2048,324,108,108.6933
16,2048,324,110,111.2267
16,2048,324,112,105.1992
16,2048,324,114,105.3771
16,2048,324,116,99.6974
16,2048,324,118,105.0681
16,2048,324,120,98.8865
16,2048,324,122,104.2504
16,2048,324,124,100.3846
16,2048,324,126,104.2672
16,2048,324,128,94.5494
16,2048,324,130,97.5628
16,2048,324,132,99.9011
16,2048,324,134,99.9927
16,2048,324,136,90.7387
16,2048,324,138,92.9479
16,2048,324,140,99.8127
16,2048,324,142,99.6543
16,2048,324,144,93.1585
16,2048,324,146,91.9517
16,2048,324,148,85.2842
16,2048,324,150,88.3892
16,2048,324,152,90.4179
16,2048,324,154,91.96
16,2048,324,156,90.8706
16,2048,324,158,94.7517
16,2048,324,160,91.957
16,2048,324,162,94.4086
16,2048,324,164,91.697
16,2048,324,166,93.4911
16,2048,324,168,89.3667
16,2048,324,170,88.3013
16,2048,324,172,97.538
16,2048,324,174,83.491
16,2048,324,176,84.908
16,2048,324,178,87.968
16,2048,324,180,99.3545
16,2048,324,182,86.4452
16,2048,324,184,85.8155
16,2048,324,186,84.9852
16,2048,324,188,90.2641
16,2048,324,190,88.2215
16,2048,324,192,91.0445
16,2048,324,194,83.6606
16,2048,324,196,88.4869
16,2048,324,198,87.9846
16,2048,324,200,87.5959
16,2048,324,202,86.6896
16,2048,324,204,83.1506
16,2048,324,206,88.5016
16,2048,324,208,81.2092
16,2048,324,210,81.8323
16,2048,324,212,88.9207
16,2048,324,214,86.3541
16,2048,324,216,93.883
16,2048,324,218,81.33
16,2048,324,220,82.3977
16,2048,324,222,82.5014
16,2048,324,224,79.8465
16,2048,324,226,81.8385
16,2048,324,228,85.5238
16,2048,324,230,82.5561
16,2048,324,232,79.7189
16,2048,324,234,82.4903
16,2048,324,236,77.1018
16,2048,324,238,82.7055
16,2048,324,240,78.1113
16,2048,324,242,82.6808
16,2048,324,244,78.6939
16,2048,324,246,73.9583
16,2048,324,248,76.0119
16,2048,324,250,80.8662
16,2048,324,252,76.8623
16,2048,324,254,76.6528
16,2048,324,256,79.1064
16,2048,324,258,76.0588
16,2048,324,260,76.3764
16,2048,324,262,76.063
16,2048,324,264,76.1986
16,2048,324,266,74.5539
16,2048,324,268,76.9672
16,2048,324,270,73.803
16,2048,324,272,74.8785
16,2048,324,274,72.7385
16,2048,324,276,73.0367
16,2048,324,278,74.9646
16,2048,324,280,77.2597
16,2048,324,282,71.6581
16,2048,324,284,77.1042
16,2048,324,286,73.3248
16,2048,324,288,72.5791
16,2048,324,290,68.2225
16,2048,324,292,74.9207
16,2048,324,294,74.0883
16,2048,324,296,68.908
16,2048,324,298,68.0121
16,2048,324,300,66.6709
16,2048,324,302,70.782
16,2048,324,304,67.9502
16,2048,324,306,68.2912
16,2048,324,308,65.8642
16,2048,324,310,66.074
16,2048,324,312,70.9448
16,2048,324,314,69.2859
16,2048,324,316,61.862
16,2048,324,318,63.8479
16,2048,324,320,66.725
16,2048,324,322,68.1589
16,2048,326,2,53.198
16,2048,326,4,70.7215
16,2048,326,6,83.5037
16,2048,326,8,82.091
16,2048,326,10,79.1722
16,2048,326,12,112.495
16,2048,326,14,102.4832
16,2048,326,16,108.8259
16,2048,326,18,103.9895
16,2048,326,20,95.689
16,2048,326,22,96.5498
16,2048,326,24,123.9933
16,2048,326,26,116.0966
16,2048,326,28,117.7513
16,2048,326,30,112.099
16,2048,326,32,112.2201
16,2048,326,34,109.0555
16,2048,326,36,124.8047
16,2048,326,38,118.7418
16,2048,326,40,117.3162
16,2048,326,42,111.3833
16,2048,326,44,117.2794
16,2048,326,46,107.8474
16,2048,326,48,118.4507
16,2048,326,50,114.2593
16,2048,326,52,116.5881
16,2048,326,54,111.0634
16,2048,326,56,117.3227
16,2048,326,58,117.4294
16,2048,326,60,120.0142
16,2048,326,62,99.696
16,2048,326,64,113.0456
16,2048,326,66,110.0552
16,2048,326,68,110.605
16,2048,326,70,105.6443
16,2048,326,72,114.3127
16,2048,326,74,110.7535
16,2048,326,76,106.9362
16,2048,326,78,107.2075
16,2048,326,80,111.6319
16,2048,326,82,108.0164
16,2048,326,84,111.0866
16,2048,326,86,111.726
16,2048,326,88,107.6809
16,2048,326,90,105.7917
16,2048,326,92,108.7002
16,2048,326,94,102.4731
16,2048,326,96,110.2695
16,2048,326,98,102.3935
16,2048,326,100,98.4126
16,2048,326,102,96.8167
16,2048,326,104,102.2246
16,2048,326,106,100.9545
16,2048,326,108,94.9902
16,2048,326,110,105.1731
16,2048,326,112,97.4199
16,2048,326,114,97.4988
16,2048,326,116,98.5707
16,2048,326,118,101.7462
16,2048,326,120,101.7858
16,2048,326,122,99.5453
16,2048,326,124,102.8267
16,2048,326,126,92.8735
16,2048,326,128,93.0665
16,2048,326,130,93.3771
16,2048,326,132,97.8522
16,2048,326,134,95.1871
16,2048,326,136,89.4711
16,2048,326,138,93.5223
16,2048,326,140,98.1453
16,2048,326,142,89.9504
16,2048,326,144,93.9781
16,2048,326,146,91.8519
16,2048,326,148,91.2772
16,2048,326,150,94.8521
16,2048,326,152,88.6133
16,2048,326,154,85.9652
16,2048,326,156,88.3755
16,2048,326,158,89.093
16,2048,326,160,88.5872
16,2048,326,162,78.6096
16,2048,326,164,87.9943
16,2048,326,166,83.8491
16,2048,326,168,84.1855
16,2048,326,170,90.3227
16,2048,326,172,86.7215
16,2048,326,174,89.3066
16,2048,326,176,87.2045
16,2048,326,178,83.1718
16,2048,326,180,92.5555
16,2048,326,182,89.1241
16,2048,326,184,84.7282
16,2048,326,186,87.543
16,2048,326,188,83.366
16,2048,326,190,94.1595
16,2048,326,192,85.3641
16,2048,326,194,85.1579
16,2048,326,196,77.9562
16,2048,326,198,82.0746
16,2048,326,200,88.7339
16,2048,326,202,88.743
16,2048,326,204,84.625
16,2048,326,206,83.5582
16,2048,326,208,87.3345
16,2048,326,210,86.9496
16,2048,326,212,85.7638
16,2048,326,214,84.6385
16,2048,326,216,85.5572
16,2048,326,218,89.0038
16,2048,326,220,80.647
16,2048,326,222,84.0043
16,2048,326,224,81.4889
16,2048,326,226,79.9307
16,2048,326,228,81.7466
16,2048,326,230,87.7812
16,2048,326,232,79.0727
16,2048,326,234,78.9396
16,2048,326,236,79.9358
16,2048,326,238,76.4386
16,2048,326,240,76.0561
16,2048,326,242,81.0619
16,2048,326,244,83.9371
16,2048,326,246,74.634
16,2048,326,248,74.0547
16,2048,326,250,78.9015
16,2048,326,252,73.7021
16,2048,326,254,74.3875
16,2048,326,256,75.9879
16,2048,326,258,76.0194
16,2048,326,260,69.5621
16,2048,326,262,74.0302
16,2048,326,264,75.0633
16,2048,326,266,77.1823
16,2048,326,268,72.7281
16,2048,326,270,77.5693
16,2048,326,272,71.7126
16,2048,326,274,69.4924
16,2048,326,276,68.9557
16,2048,326,278,68.9432
16,2048,326,280,73.1521
16,2048,326,282,71.3881
16,2048,326,284,71.7622
16,2048,326,286,71.377
16,2048,326,288,71.8589
16,2048,326,290,67.0016
16,2048,326,292,71.0935
16,2048,326,294,70.1691
16,2048,326,296,72.3507
16,2048,326,298,64.6346
16,2048,326,300,70.0483
16,2048,326,302,69.0585
16,2048,326,304,61.8469
16,2048,326,306,67.1415
16,2048,326,308,62.1373
16,2048,326,310,67.9564
16,2048,326,312,62.8331
16,2048,326,314,66.9174
16,2048,326,316,62.1997
16,2048,326,318,67.145
16,2048,326,320,65.1252
16,2048,326,322,63.0672
16,2048,326,324,66.0048
16,2048,328,2,51.1501
16,2048,328,4,73.1348
16,2048,328,6,70.4952
16,2048,328,8,78.3467
16,2048,328,10,75.1761
16,2048,328,12,119.3324
16,2048,328,14,99.5198
16,2048,328,16,102.7953
16,2048,328,18,95.6051
16,2048,328,20,102.793
16,2048,328,22,96.7955
16,2048,328,24,124.4695
16,2048,328,26,115.1077
16,2048,328,28,124.9698
16,2048,328,30,115.1971
16,2048,328,32,114.0867
16,2048,328,34,108.2865
16,2048,328,36,133.4727
16,2048,328,38,119.292
16,2048,328,40,124.6041
16,2048,328,42,118.0012
16,2048,328,44,116.3056
16,2048,328,46,110.2943
16,2048,328,48,117.8997
16,2048,328,50,119.3063
16,2048,328,52,110.5224
16,2048,328,54,117.2523
16,2048,328,56,115.3774
16,2048,328,58,108.7377
16,2048,328,60,118.7912
16,2048,328,62,117.1943
16,2048,328,64,110.516
16,2048,328,66,99.9517
16,2048,328,68,110.5494
16,2048,328,70,107.4119
16,2048,328,72,124.2977
16,2048,328,74,113.6084
16,2048,328,76,106.0885
16,2048,328,78,109.0108
16,2048,328,80,115.2433
16,2048,328,82,100.8073
16,2048,328,84,107.2211
16,2048,328,86,107.7118
16,2048,328,88,113.1748
16,2048,328,90,101.8601
16,2048,328,92,105.2055
16,2048,328,94,109.615
16,2048,328,96,110.8678
16,2048,328,98,102.6816
16,2048,328,100,96.6996
16,2048,328,102,90.5168
16,2048,328,104,100.5963
16,2048,328,106,102.8584
16,2048,328,108,116.0477
16,2048,328,110,113.5104
16,2048,328,112,104.1863
16,2048,328,114,97.7482
16,2048,328,116,97.1344
16,2048,328,118,96.7973
16,2048,328,120,93.199
16,2048,328,122,100.0813
16,2048,328,124,103.8045
16,2048,328,126,104.1976
16,2048,328,128,94.4365
16,2048,328,130,92.2433
16,2048,328,132,91.2568
16,2048,328,134,93.4244
16,2048,328,136,100.2046
16,2048,328,138,94.4669
16,2048,328,140,88.3235
16,2048,328,142,91.0311
16,2048,328,144,93.8737
16,2048,328,146,90.8187
16,2048,328,148,99.27
16,2048,328,150,95.9579
16,2048,328,152,98.1308
16,2048,328,154,93.8034
16,2048,328,156,87.9518
16,2048,328,158,90.0121
16,2048,328,160,85.0173
16,2048,328,162,87.3874
16,2048,328,164,89.2304
16,2048,328,166,92.1882
16,2048,328,168,92.7432
16,2048,328,170,85.1308
16,2048,328,172,86.7174
16,2048,328,174,80.0424
16,2048,328,176,81.5119
16,2048,328,178,82.5465
16,2048,328,180,90.0031
16,2048,328,182,90.083
16,2048,328,184,86.3617
16,2048,328,186,86.4334
16,2048,328,188,86.1459
16,2048,328,190,87.6837
16,2048,328,192,92.4743
16,2048,328,194,94.1028
16,2048,328,196,84.5767
16,2048,328,198,87.1849
16,2048,328,200,81.1791
16,2048,328,202,87.0945
16,2048,328,204,87.7122
16,2048,328,206,89.6637
16,2048,328,208,85.1255
16,2048,328,210,83.4277
16,2048,328,212,81.6191
16,2048,328,214,82.8218
16,2048,328,216,77.2475
16,2048,328,218,81.0737
16,2048,328,220,85.1316
16,2048,328,222,79.4427
16,2048,328,224,76.5862
16,2048,328,226,82.5772
16,2048,328,228,80.9088
16,2048,328,230,75.6491
16,2048,328,232,81.3133
16,2048,328,234,80.8389
16,2048,328,236,83.2869
16,2048,328,238,79.1156
16,2048,328,240,80.0432
16,2048,328,242,76.5196
16,2048,328,244,79.0146
16,2048,328,246,75.3016
16,2048,328,248,74.7052
16,2048,328,250,71.6195
16,2048,328,252,75.1378
16,2048,328,254,75.4704
16,2048,328,256,79.8597
16,2048,328,258,73.5537
16,2048,328,260,71.0321
16,2048,328,262,72.1505
16,2048,328,264,75.0937
16,2048,328,266,78.0685
16,2048,328,268,71.7351
16,2048,328,270,67.3963
16,2048,328,272,75.9254
16,2048,328,274,71.1237
16,2048,328,276,73.0275
16,2048,328,278,76.015
16,2048,328,280,76.074
16,2048,328,282,68.5426
16,2048,328,284,70.0945
16,2048,328,286,67.931
16,2048,328,288,70.0338
16,2048,328,290,69.4358
16,2048,328,292,63.074
16,2048,328,294,67.9043
16,2048,328,296,68.7636
16,2048,328,298,66.801
16,2048,328,300,66.17
16,2048,328,302,68.853
16,2048,328,304,67.8138
16,2048,328,306,65.2843
16,2048,328,308,62.5019
16,2048,328,310,67.5404
16,2048,328,312,66.58
16,2048,328,314,67.4378
16,2048,328,316,64.0504
16,2048,328,318,60.3617
16,2048,328,320,66.3681
16,2048,328,322,59.8639
16,2048,328,324,64.2955
16,2048,328,326,61.2644
16,2048,330,2,51.3034
16,2048,330,4,67.4894
16,2048,330,6,70.3249
16,2048,330,8,85.1917
16,2048,330,10,75.445
16,2048,330,12,108.7954
16,2048,330,14,98.3666
16,2048,330,16,101.169
16,2048,330,18,93.7878
16,2048,330,20,98.051
16,2048,330,22,102.0385
16,2048,330,24,129.7002
16,2048,330,26,116.8759
16,2048,330,28,110.6943
16,2048,330,30,107.2387
16,2048,330,32,106.8604
16,2048,330,34,104.6514
16,2048,330,36,119.717
16,2048,330,38,118.536
16,2048,330,40,121.5671
16,2048,330,42,112.4138
16,2048,330,44,111.1253
16,2048,330,46,109.2321
16,2048,330,48,120.8347
16,2048,330,50,113.8624
16,2048,330,52,114.9334
16,2048,330,54,105.7758
16,2048,330,56,112.899
16,2048,330,58,105.2969
16,2048,330,60,113.7304
16,2048,330,62,110.705
16,2048,330,64,106.8723
16,2048,330,66,110.5577
16,2048,330,68,102.7559
16,2048,330,70,109.1953
16,2048,330,72,119.6881
16,2048,330,74,107.2446
16,2048,330,76,108.2148
16,2048,330,78,99.8963
16,2048,330,80,104.1118
16,2048,330,82,102.7234
16,2048,330,84,109.4471
16,2048,330,86,103.6894
16,2048,330,88,102.9917
16,2048,330,90,100.0306
16,2048,330,92,108.6992
16,2048,330,94,107.7352
16,2048,330,96,102.517
16,2048,330,98,105.4091
16,2048,330,100,106.2492
16,2048,330,102,106.4171
16,2048,330,104,101.9581
16,2048,330,106,99.4301
16,2048,330,108,95.1721
16,2048,330,110,99.5688
16,2048,330,112,102.4558
16,2048,330,114,95.153
16,2048,330,116,96.7188
16,2048,330,118,99.6729
16,2048,330,120,96.3989
16,2048,330,122,96.7761
16,2048,330,124,91.83
16,2048,330,126,91.2737
16,2048,330,128,90.3836
16,2048,330,130,101.8684
16,2048,330,132,90.1731
16,2048,330,134,92.9526
16,2048,330,136,84.9544
16,2048,330,138,96.3645
16,2048,330,140,91.1206
16,2048,330,142,88.0316
16,2048,330,144,93.4883
16,2048,330,146,96.6085
16,2048,330,148,89.6322
16,2048,330,150,88.1325
16,2048,330,152,88.4664
16,2048,330,154,81.6333
16,2048,330,156,88.9923
16,2048,330,158,87.2736
16,2048,330,160,78.5782
16,2048,330,162,90.4242
16,2048,330,164,87.4534
16,2048,330,166,83.8846
16,2048,330,168,83.9597
16,2048,330,170,89.536
16,2048,330,172,91.3712
16,2048,330,174,90.0949
16,2048,330,176,78.6638
16,2048,330,178,86.7305
16,2048,330,180,79.7768
16,2048,330,182,83.9268
16,2048,330,184,83.0823
16,2048,330,186,87.3179
16,2048,330,188,90.0932
16,2048,330,190,79.1497
16,2048,330,192,90.5983
16,2048,330,194,82.3725
16,2048,330,196,81.8988
16,2048,330,198,84.0902
16,2048,330,200,84.6003
16,2048,330,202,81.5594
16,2048,330,204,84.3753
16,2048,330,206,84.7978
16,2048,330,208,82.6705
16,2048,330,210,84.1553
16,2048,330,212,83.0956
16,2048,330,214,80.9762
16,2048,330,216,78.0945
16,2048,330,218,85.2371
16,2048,330,220,85.4304
16,2048,330,222,82.9491
16,2048,330,224,78.6506
16,2048,330,226,75.9073
16,2048,330,228,79.1935
16,2048,330,230,80.4363
16,2048,330,232,79.7597
16,2048,330,234,75.4425
16,2048,330,236,72.1825
16,2048,330,238,76.1254
16,2048,330,240,77.0592
16,2048,330,242,82.9492
16,2048,330,244,76.1559
16,2048,330,246,80.816
16,2048,330,248,74.051
16,2048,330,250,74.876
16,2048,330,252,76.4313
16,2048,330,254,75.2785
16,2048,330,256,77.788
16,2048,330,258,72.2257
16,2048,330,260,80.7763
16,2048,330,262,73.2864
16,2048,330,264,69.194
16,2048,330,266,71.0376
16,2048,330,268,76.1228
16,2048,330,270,72.4906
16,2048,330,272,66.9769
16,2048,330,274,68.8236
16,2048,330,276,72.3383
16,2048,330,278,73.9736
16,2048,330,280,70.5748
16,2048,330,282,72.4246
16,2048,330,284,70.3701
16,2048,330,286,68.1635
16,2048,330,288,62.152
16,2048,330,290,67.5753
16,2048,330,292,68.6234
16,2048,330,294,68.5192
16,2048,330,296,68.1266
16,2048,330,298,67.4006
16,2048,330,300,68.3425
16,2048,330,302,65.2567
16,2048,330,304,62.7238
16,2048,330,306,70.0208
16,2048,330,308,63.8438
16,2048,330,310,63.6261
16,2048,330,312,67.1987
16,2048,330,314,66.6102
16,2048,330,316,62.8569
16,2048,330,318,64.8661
16,2048,330,320,60.4995
16,2048,330,322,59.4477
16,2048,330,324,64.9658
16,2048,330,326,64.3775
16,2048,330,328,64.536
16,2048,332,2,50.8362
16,2048,332,4,65.5546
16,2048,332,6,75.7187
16,2048,332,8,75.4189
16,2048,332,10,76.4349
16,2048,332,12,109.298
16,2048,332,14,100.6969
16,2048,332,16,101.991
16,2048,332,18,92.6018
16,2048,332,20,97.7392
16,2048,332,22,94.1674
16,2048,332,24,119.6309
16,2048,332,26,112.0941
16,2048,332,28,115.3469
16,2048,332,30,110.8536
16,2048,332,32,109.0668
16,2048,332,34,104.2674
16,2048,332,36,125.6278
16,2048,332,38,123.3599
16,2048,332,40,114.8625
16,2048,332,42,121.7355
16,2048,332,44,111.9741
16,2048,332,46,105.5093
16,2048,332,48,116.652
16,2048,332,50,118.5184
16,2048,332,52,114.0456
16,2048,332,54,100.777
16,2048,332,56,109.7759
16,2048,332,58,102.289
16,2048,332,60,118.4332
16,2048,332,62,115.1691
16,2048,332,64,112.8663
16,2048,332,66,103.878
16,2048,332,68,103.2956
16,2048,332,70,108.6356
16,2048,332,72,103.4149
16,2048,332,74,105.0762
16,2048,332,76,107.3187
16,2048,332,78,93.1921
16,2048,332,80,96.775
16,2048,332,82,105.1683
16,2048,332,84,103.8656
16,2048,332,86,107.3676
16,2048,332,88,107.3669
16,2048,332,90,100.4609
16,2048,332,92,99.4421
16,2048,332,94,99.4978
16,2048,332,96,112.0916
16,2048,332,98,104.4966
16,2048,332,100,96.5753
16,2048,332,102,95.4297
16,2048,332,104,102.4343
16,2048,332,106,98.1443
16,2048,332,108,91.2229
16,2048,332,110,102.3005
16,2048,332,112,96.3003
16,2048,332,114,100.2361
16,2048,332,116,99.5275
16,2048,332,118,97.6478
16,2048,332,120,96.9773
16,2048,332,122,101.0849
16,2048,332,124,98.9065
16,2048,332,126,94.8553
16,2048,332,128,96.9762
16,2048,332,130,89.9869
16,2048,332,132,93.1525
16,2048,332,134,84.8234
16,2048,332,136,94.5244
16,2048,332,138,101.5823
16,2048,332,140,93.5959
16,2048,332,142,87.9688
16,2048,332,144,99.7303
16,2048,332,146,92.5864
16,2048,332,148,97.8394
16,2048,332,150,89.2777
16,2048,332,152,97.6262
16,2048,332,154,83.2081
16,2048,332,156,90.3878
16,2048,332,158,94.3631
16,2048,332,160,87.9543
16,2048,332,162,79.6767
16,2048,332,164,86.8171
16,2048,332,166,89.7325
16,2048,332,168,88.7279
16,2048,332,170,82.925
16,2048,332,172,85.4253
16,2048,332,174,88.8422
16,2048,332,176,84.21
16,2048,332,178,88.2979
16,2048,332,180,84.9038
16,2048,332,182,85.0347
16,2048,332,184,84.279
16,2048,332,186,85.5293
16,2048,332,188,90.9869
16,2048,332,190,80.8392
16,2048,332,192,81.3763
16,2048,332,194,86.125
16,2048,332,196,81.017
16,2048,332,198,80.8977
16,2048,332,200,83.4885
16,2048,332,202,83.7696
16,2048,332,204,88.1092
16,2048,332,206,83.001
16,2048,332,208,79.4353
16,2048,332,210,84.3517
16,2048,332,212,81.8233
16,2048,332,214,78.2215
16,2048,332,216,83.6922
16,2048,332,218,79.6545
16,2048,332,220,82.5556
16,2048,332,222,82.872
16,2048,332,224,77.8666
16,2048,332,226,72.5721
16,2048,332,228,79.5983
16,2048,332,230,77.4347
16,2048,332,232,74.6039
16,2048,332,234,81.2517
16,2048,332,236,78.5242
16,2048,332,238,78.0276
16,2048,332,240,73.7389
16,2048,332,242,82.4453
16,2048,332,244,78.0176
16,2048,332,246,78.8565
16,2048,332,248,75.9322
16,2048,332,250,73.403
16,2048,332,252,69.1229
16,2048,332,254,73.3575
16,2048,332,256,72.438
16,2048,332,258,70.3456
16,2048,332,260,69.3499
16,2048,332,262,68.0244
16,2048,332,264,73.5908
16,2048,332,266,75.7321
16,2048,332,268,72.2747
16,2048,332,270,76.3941
16,2048,332,272,73.5599
16,2048,332,274,70.6368
16,2048,332,276,67.4813
16,2048,332,278,70.3218
16,2048,332,280,74.2465
16,2048,332,282,70.3055
16,2048,332,284,69.7196
16,2048,332,286,66.9248
16,2048,332,288,70.9919
16,2048,332,290,65.2013
16,2048,332,292,68.0707
16,2048,332,294,63.4432
16,2048,332,296,71.5663
16,2048,332,298,63.2864
16,2048,332,300,70.7208
16,2048,332,302,61.8237
16,2048,332,304,67.3023
16,2048,332,306,66.8131
16,2048,332,308,66.7198
16,2048,332,310,65.0008
16,2048,332,312,67.1481
16,2048,332,314,64.7543
16,2048,332,316,61.1062
16,2048,332,318,58.723
16,2048,332,320,60.9208
16,2048,332,322,61.5744
16,2048,332,324,59.2106
16,2048,332,326,63.4502
16,2048,332,328,64.0948
16,2048,332,330,63.9004
16,2048,334,2,52.3469
16,2048,334,4,62.2012
16,2048,334,6,68.0177
16,2048,334,8,75.7868
16,2048,334,10,75.2825
16,2048,334,12,105.0654
16,2048,334,14,97.5557
16,2048,334,16,102.7509
16,2048,334,18,95.5217
16,2048,334,20,98.7297
16,2048,334,22,95.3919
16,2048,334,24,115.1024
16,2048,334,26,105.3952
16,2048,334,28,115.7546
16,2048,334,30,110.393
16,2048,334,32,101.7539
16,2048,334,34,104.5802
16,2048,334,36,114.6742
16,2048,334,38,115.0878
16,2048,334,40,106.5473
16,2048,334,42,107.1457
16,2048,334,44,110.4982
16,2048,334,46,100.1826
16,2048,334,48,115.7238
16,2048,334,50,111.0336
16,2048,334,52,111.309
16,2048,334,54,103.7171
16,2048,334,56,111.7281
16,2048,334,58,116.3564
16,2048,334,60,107.3353
16,2048,334,62,108.9611
16,2048,334,64,98.1375
16,2048,334,66,99.361
16,2048,334,68,99.6765
16,2048,334,70,104.7989
16,2048,334,72,102.9435
16,2048,334,74,102.0616
16,2048,334,76,109.2488
16,2048,334,78,102.7643
16,2048,334,80,105.7923
16,2048,334,82,98.7272
16,2048,334,84,108.6294
16,2048,334,86,105.0641
16,2048,334,88,101.4001
16,2048,334,90,107.5494
16,2048,334,92,101.163
16,2048,334,94,96.6553
16,2048,334,96,101.6308
16,2048,334,98,96.9345
16,2048,334,100,99.8681
16,2048,334,102,98.2887
16,2048,334,104,89.541
16,2048,334,106,98.6472
16,2048,334,108,92.8179
16,2048,334,110,97.9307
16,2048,334,112,96.8125
16,2048,334,114,91.9167
16,2048,334,116,91.3943
16,2048,334,118,94.8674
16,2048,334,120,87.5003
16,2048,334,122,96.0347
16,2048,334,124,101.8462
16,2048,334,126,86.143
16,2048,334,128,89.7706
16,2048,334,130,93.9517
16,2048,334,132,90.9858
16,2048,334,134,98.2703
16,2048,334,136,93.4902
16,2048,334,138,94.6126
16,2048,334,140,88.3332
16,2048,334,142,98.3539
16,2048,334,144,94.5838
16,2048,334,146,87.1907
16,2048,334,148,86.962
16,2048,334,150,96.7988
16,2048,334,152,87.5217
16,2048,334,154,86.1208
16,2048,334,156,84.5796
16,2048,334,158,89.2584
16,2048,334,160,84.6568
16,2048,334,162,86.3312
16,2048,334,164,90.0366
16,2048,334,166,86.0575
16,2048,334,168,83.5403
16,2048,334,170,79.87
16,2048,334,172,79.3252
16,2048,334,174,78.5038
16,2048,334,176,86.2979
16,2048,334,178,88.7751
16,2048,334,180,79.5935
16,2048,334,182,82.8291
16,2048,334,184,82.4672
16,2048,334,186,78.5434
16,2048,334,188,85.1725
16,2048,334,190,82.0483
16,2048,334,192,79.0761
16,2048,334,194,85.791
16,2048,334,196,83.7207
16,2048,334,198,80.8562
16,2048,334,200,82.4685
16,2048,334,202,74.7618
16,2048,334,204,84.8081
16,2048,334,206,78.6287
16,2048,334,208,84.4232
16,2048,334,210,85.1373
16,2048,334,212,84.3133
16,2048,334,214,77.2963
16,2048,334,216,82.7886
16,2048,334,218,75.4335
16,2048,334,220,81.2942
16,2048,334,222,82.31
16,2048,334,224,75.8751
16,2048,334,226,81.0196
16,2048,334,228,79.8367
16,2048,334,230,79.0797
16,2048,334,232,78.6841
16,2048,334,234,79.4953
16,2048,334,236,78.9591
16,2048,334,238,73.0669
16,2048,334,240,80.9943
16,2048,334,242,73.3514
16,2048,334,244,70.2476
16,2048,334,246,76.6363
16,2048,334,248,78.7208
16,2048,334,250,75.8694
16,2048,334,252,75.278
16,2048,334,254,70.6961
16,2048,334,256,73.8348
16,2048,334,258,72.2099
16,2048,334,260,73.7752
16,2048,334,262,74.6977
16,2048,334,264,71.5482
16,2048,334,266,75.5346
16,2048,334,268,75.458
16,2048,334,270,72.8642
16,2048,334,272,70.1166
16,2048,334,274,65.1165
16,2048,334,276,67.5294
16,2048,334,278,69.9597
16,2048,334,280,65.9256
16,2048,334,282,67.3328
16,2048,334,284,66.5325
16,2048,334,286,66.1483
16,2048,334,288,67.8598
16,2048,334,290,69.8776
16,2048,334,292,69.6775
16,2048,334,294,68.4043
16,2048,334,296,73.2024
16,2048,334,298,64.1108
16,2048,334,300,70.6888
16,2048,334,302,66.2648
16,2048,334,304,64.2526
16,2048,334,306,68.5361
16,2048,334,308,61.7394
16,2048,334,310,66.4636
16,2048,334,312,66.2031
16,2048,334,314,60.5295
16,2048,334,316,60.0533
16,2048,334,318,63.8346
16,2048,334,320,60.9514
16,2048,334,322,62.0894
16,2048,334,324,59.8166
16,2048,334,326,60.0693
16,2048,334,328,62.3578
16,2048,334,330,58.6285
16,2048,334,332,59.8855
16,2048,336,2,52.5406
16,2048,336,4,62.7254
16,2048,336,6,69.9058
16,2048,336,8,83.1616
16,2048,336,10,71.7574
16,2048,336,12,118.8458
16,2048,336,14,99.2722
16,2048,336,16,102.9038
16,2048,336,18,96.9066
16,2048,336,20,96.9737
16,2048,336,22,91.6669
16,2048,336,24,128.0454
16,2048,336,26,114.2237
16,2048,336,28,120.2718
16,2048,336,30,112.0268
16,2048,336,32,112.4448
16,2048,336,34,104.4753
16,2048,336,36,120.4694
16,2048,336,38,107.0525
16,2048,336,40,114.718
16,2048,336,42,119.7132
16,2048,336,44,107.9279
16,2048,336,46,100.8131
16,2048,336,48,126.4986
16,2048,336,50,118.0339
16,2048,336,52,113.7763
16,2048,336,54,114.5002
16,2048,336,56,110.5981
16,2048,336,58,104.973
16,2048,336,60,111.7734
16,2048,336,62,110.2858
16,2048,336,64,104.6376
16,2048,336,66,113.4924
16,2048,336,68,109.6048
16,2048,336,70,103.7012
16,2048,336,72,108.5964
16,2048,336,74,112.0945
16,2048,336,76,103.276
16,2048,336,78,102.8394
16,2048,336,80,110.5202
16,2048,336,82,106.561
16,2048,336,84,102.9644
16,2048,336,86,104.5293
16,2048,336,88,109.5274
16,2048,336,90,99.1766
16,2048,336,92,96.8698
16,2048,336,94,100.2031
16,2048,336,96,98.8133
16,2048,336,98,103.3661
16,2048,336,100,103.1075
16,2048,336,102,100.7891
16,2048,336,104,101.967
16,2048,336,106,92.1198
16,2048,336,108,98.7621
16,2048,336,110,98.6655
16,2048,336,112,95.0024
16,2048,336,114,94.0135
16,2048,336,116,94.8861
16,2048,336,118,102.0011
16,2048,336,120,100.5431
16,2048,336,122,99.9074
16,2048,336,124,97.5089
16,2048,336,126,101.4805
16,2048,336,128,88.5901
16,2048,336,130,97.5519
16,2048,336,132,96.6812
16,2048,336,134,99.8027
16,2048,336,136,92.5735
16,2048,336,138,98.8843
16,2048,336,140,91.2889
16,2048,336,142,91.1798
16,2048,336,144,93.9673
16,2048,336,146,93.952
16,2048,336,148,91.3878
16,2048,336,150,91.5534
16,2048,336,152,79.1358
16,2048,336,154,86.8809
16,2048,336,156,88.4608
16,2048,336,158,89.7103
16,2048,336,160,87.4377
16,2048,336,162,86.8654
16,2048,336,164,88.2802
16,2048,336,166,87.0365
16,2048,336,168,92.2716
16,2048,336,170,91.0735
16,2048,336,172,87.8741
16,2048,336,174,86.9338
16,2048,336,176,80.6441
16,2048,336,178,89.9788
16,2048,336,180,84.4165
16,2048,336,182,85.1589
16,2048,336,184,85.8084
16,2048,336,186,83.6992
16,2048,336,188,84.7461
16,2048,336,190,85.034
16,2048,336,192,81.2787
16,2048,336,194,85.6285
16,2048,336,196,82.9228
16,2048,336,198,81.6073
16,2048,336,200,80.2
16,2048,336,202,74.3915
16,2048,336,204,85.4911
16,2048,336,206,83.2284
16,2048,336,208,81.4595
16,2048,336,210,86.4424
16,2048,336,212,80.8527
16,2048,336,214,77.4694
16,2048,336,216,81.821
16,2048,336,218,84.3628
16,2048,336,220,75.1246
16,2048,336,222,79.9291
16,2048,336,224,77.5495
16,2048,336,226,75.3034
16,2048,336,228,76.7571
16,2048,336,230,76.423
16,2048,336,232,79.1829
16,2048,336,234,77.0002
16,2048,336,236,78.9231
16,2048,336,238,76.3424
16,2048,336,240,77.6827
16,2048,336,242,82.2223
16,2048,336,244,73.5328
16,2048,336,246,76.7119
16,2048,336,248,70.266
16,2048,336,250,73.9924
16,2048,336,252,75.5859
16,2048,336,254,71.1932
16,2048,336,256,80.8907
16,2048,336,258,74.1836
16,2048,336,260,75.2848
16,2048,336,262,67.0169
16,2048,336,264,75.9069
16,2048,336,266,75.9466
16,2048,336,268,71.1984
16,2048,336,270,72.5914
16,2048,336,272,74.2934
16,2048,336,274,68.3558
16,2048,336,276,66.2718
16,2048,336,278,68.8762
16,2048,336,280,70.6189
16,2048,336,282,65.2241
16,2048,336,284,69.1125
16,2048,336,286,70.8695
16,2048,336,288,73.0571
16,2048,336,290,64.0904
16,2048,336,292,67.663
16,2048,336,294,65.9868
16,2048,336,296,68.867
16,2048,336,298,68.0805
16,2048,336,300,62.8752
16,2048,336,302,67.9858
16,2048,336,304,63.5291
16,2048,336,306,65.395
16,2048,336,308,67.4911
16,2048,336,310,63.4731
16,2048,336,312,62.7007
16,2048,336,314,66.6356
16,2048,336,316,61.3371
16,2048,336,318,65.0299
16,2048,336,320,60.6033
16,2048,336,322,60.229
16,2048,336,324,60.6844
16,2048,336,326,59.4163
16,2048,336,328,59.3786
16,2048,336,330,62.2848
16,2048,336,332,62.9498
16,2048,336,334,64.2746
16,2048,338,2,52.9074
16,2048,338,4,74.5979
16,2048,338,6,68.8334
16,2048,338,8,77.1316
16,2048,338,10,72.064
16,2048,338,12,107.9468
16,2048,338,14,97.1235
16,2048,338,16,101.8204
16,2048,338,18,94.0608
16,2048,338,20,97.9874
16,2048,338,22,93.2195
16,2048,338,24,130.1956
16,2048,338,26,106.0309
16,2048,338,28,120.6631
16,2048,338,30,106.1959
16,2048,338,32,104.3604
16,2048,338,34,100.8853
16,2048,338,36,117.5779
16,2048,338,38,106.175
16,2048,338,40,104.5706
16,2048,338,42,107.8756
16,2048,338,44,109.4596
16,2048,338,46,98.5606
16,2048,338,48,122.8668
16,2048,338,50,108.7583
16,2048,338,52,110.4492
16,2048,338,54,110.3036
16,2048,338,56,103.2919
16,2048,338,58,104.0648
16,2048,338,60,116.475
16,2048,338,62,108.1022
16,2048,338,64,106.2747
16,2048,338,66,100.7189
16,2048,338,68,109.139
16,2048,338,70,101.3073
16,2048,338,72,111.4739
16,2048,338,74,109.7364
16,2048,338,76,104.8476
16,2048,338,78,110.1736
16,2048,338,80,108.6794
16,2048,338,82,103.4573
16,2048,338,84,97.1668
16,2048,338,86,98.5451
16,2048,338,88,104.115
16,2048,338,90,101.3731
16,2048,338,92,94.6999
16,2048,338,94,98.0907
16,2048,338,96,95.6118
16,2048,338,98,100.0979
16,2048,338,100,98.6148
16,2048,338,102,105.0973
16,2048,338,104,90.9833
16,2048,338,106,95.9045
16,2048,338,108,99.9649
16,2048,338,110,95.7368
16,2048,338,112,93.4331
16,2048,338,114,91.9884
16,2048,338,116,86.0012
16,2048,338,118,96.41
16,2048,338,120,94.6656
16,2048,338,122,98.0797
16,2048,338,124,97.5903
16,2048,338,126,95.1224
16,2048,338,128,91.6164
16,2048,338,130,99.6894
16,2048,338,132,94.3865
16,2048,338,134,92.9486
16,2048,338,136,88.9647
16,2048,338,138,92.9461
16,2048,338,140,93.4653
16,2048,338,142,81.2219
16,2048,338,144,92.8636
16,2048,338,146,86.5621
16,2048,338,148,85.5581
16,2048,338,150,88.2319
16,2048,338,152,85.1465
16,2048,338,154,77.5953
16,2048,338,156,89.8039
16,2048,338,158,91.1236
16,2048,338,160,85.4024
16,2048,338,162,84.7426
16,2048,338,164,84.9325
16,2048,338,166,84.5344
16,2048,338,168,80.7399
16,2048,338,170,84.8865
16,2048,338,172,79.3305
16,2048,338,174,81.8403
16,2048,338,176,83.8848
16,2048,338,178,87.9865
16,2048,338,180,85.7676
16,2048,338,182,80.9313
16,2048,338,184,81.7525
16,2048,338,186,78.4295
16,2048,338,188,77.7389
16,2048,338,190,80.5801
16,2048,338,192,82.6474
16,2048,338,194,92.7381
16,2048,338,196,76.4389
16,2048,338,198,76.097
16,2048,338,200,83.5872
16,2048,338,202,84.9682
16,2048,338,204,76.1643
16,2048,338,206,77.5305
16,2048,338,208,78.1728
16,2048,338,210,81.2109
16,2048,338,212,84.9673
16,2048,338,214,80.0123
16,2048,338,216,83.8472
16,2048,338,218,81.6839
16,2048,338,220,75.2205
16,2048,338,222,83.758
16,2048,338,224,80.7554
16,2048,338,226,78.5673
16,2048,338,228,75.857
16,2048,338,230,76.7904
16,2048,338,232,74.6588
16,2048,338,234,76.2459
16,2048,338,236,76.7236
16,2048,338,238,75.439
16,2048,338,240,80.6576
16,2048,338,242,71.4418
16,2048,338,244,74.7312
16,2048,338,246,75.4689
16,2048,338,248,76.9345
16,2048,338,250,69.2175
16,2048,338,252,74.9478
16,2048,338,254,75.1516
16,2048,338,256,72.9155
16,2048,338,258,74.2484
16,2048,338,260,77.0906
16,2048,338,262,75.8365
16,2048,338,264,76.2692
16,2048,338,266,72.9203
16,2048,338,268,73.1722
16,2048,338,270,72.2443
16,2048,338,272,64.3648
16,2048,338,274,70.7047
16,2048,338,276,76.8926
16,2048,338,278,72.3646
16,2048,338,280,67.141
16,2048,338,282,69.2579
16,2048,338,284,65.8263
16,2048,338,286,62.9877
16,2048,338,288,70.3362
16,2048,338,290,65.5202
16,2048,338,292,68.6829
16,2048,338,294,67.8502
16,2048,338,296,70.3444
16,2048,338,298,62.8702
16,2048,338,300,66.4364
16,2048,338,302,68.2111
16,2048,338,304,65.5291
16,2048,338,306,63.8956
16,2048,338,308,57.9914
16,2048,338,310,65.3003
16,2048,338,312,62.2117
16,2048,338,314,64.2628
16,2048,338,316,63.6315
16,2048,338,318,64.7883
16,2048,338,320,60.2423
16,2048,338,322,60.1202
16,2048,338,324,62.5153
16,2048,338,326,60.4155
16,2048,338,328,62.0493
16,2048,338,330,58.9735
16,2048,338,332,62.6486
16,2048,338,334,58.2887
16,2048,338,336,59.2432
16,2048,340,2,49.7649
16,2048,340,4,67.0127
16,2048,340,6,67.4076
16,2048,340,8,70.5802
16,2048,340,10,71.2292
16,2048,340,12,102.5922
16,2048,340,14,100.1897
16,2048,340,16,98.9084
16,2048,340,18,92.4997
16,2048,340,20,92.5948
16,2048,340,22,91.3774
16,2048,340,24,114.7705
16,2048,340,26,105.3215
16,2048,340,28,113.7689
16,2048,340,30,100.9057
16,2048,340,32,104.3256
16,2048,340,34,99.5854
16,2048,340,36,119.6546
16,2048,340,38,111.2576
16,2048,340,40,109.5617
16,2048,340,42,113.9937
16,2048,340,44,113.8969
16,2048,340,46,105.1688
16,2048,340,48,113.1326
16,2048,340,50,111.8184
16,2048,340,52,109.9277
16,2048,340,54,105.6262
16,2048,340,56,105.6838
16,2048,340,58,103.51
16,2048,340,60,105.4482
16,2048,340,62,110.5346
16,2048,340,64,109.4747
16,2048,340,66,98.2351
16,2048,340,68,97.9833
16,2048,340,70,106.2148
16,2048,340,72,108.1835
16,2048,340,74,94.8458
16,2048,340,76,107.5007
16,2048,340,78,106.5283
16,2048,340,80,99.2102
16,2048,340,82,92.2544
16,2048,340,84,105.6404
16,2048,340,86,95.9268
16,2048,340,88,99.9943
16,2048,340,90,104.1448
16,2048,340,92,100.888
16,2048,340,94,99.7983
16,2048,340,96,104.2513
16,2048,340,98,88.8494
16,2048,340,100,102.9024
16,2048,340,102,95.4889
16,2048,340,104,98.0167
16,2048,340,106,96.1978
16,2048,340,108,98.648
16,2048,340,110,96.5612
16,2048,340,112,96.5415
16,2048,340,114,99.7686
16,2048,340,116,96.7892
16,2048,340,118,93.8516
16,2048,340,120,96.4727
16,2048,340,122,103.3218
16,2048,340,124,89.4024
16,2048,340,126,95.324
16,2048,340,128,87.3799
16,2048,340,130,95.8395
16,2048,340,132,91.4287
16,2048,340,134,93.8063
16,2048,340,136,99.9748
16,2048,340,138,90.3206
16,2048,340,140,84.6619
16,2048,340,142,85.5961
16,2048,340,144,87.9657
16,2048,340,146,90.1024
16,2048,340,148,90.4305
16,2048,340,150,91.295
16,2048,340,152,80.8004
16,2048,340,154,81.4882
16,2048,340,156,87.4606
16,2048,340,158,88.4897
16,2048,340,160,80.7594
16,2048,340,162,81.5387
16,2048,340,164,86.1608
16,2048,340,166,79.7378
16,2048,340,168,81.8506
16,2048,340,170,81.5872
16,2048,340,172,88.1003
16,2048,340,174,76.6794
16,2048,340,176,83.492
16,2048,340,178,82.9955
16,2048,340,180,83.7831
16,2048,340,182,84.3969
16,2048,340,184,83.0378
16,2048,340,186,81.2928
16,2048,340,188,86.4472
16,2048,340,190,81.5907
16,2048,340,192,79.4124
16,2048,340,194,76.9609
16,2048,340,196,77.2466
16,2048,340,198,80.3496
16,2048,340,200,79.8654
16,2048,340,202,78.7689
16,2048,340,204,84.2927
16,2048,340,206,78.6003
16,2048,340,208,82.4258
16,2048,340,210,78.8422
16,2048,340,212,80.5993
16,2048,340,214,83.3056
16,2048,340,216,77.6851
16,2048,340,218,75.1549
16,2048,340,220,81.3004
16,2048,340,222,79.7639
16,2048,340,224,74.003
16,2048,340,226,78.7805
16,2048,340,228,75.6643
16,2048,340,230,73.3561
16,2048,340,232,74.1218
16,2048,340,234,75.1752
16,2048,340,236,78.4636
16,2048,340,238,79.575
16,2048,340,240,79.0668
16,2048,340,242,74.9723
16,2048,340,244,78.1861
16,2048,340,246,71.0923
16,2048,340,248,69.9112
16,2048,340,250,74.4208
16,2048,340,252,72.0312
16,2048,340,254,71.9189
16,2048,340,256,72.4541
16,2048,340,258,67.6206
16,2048,340,260,71.6216
16,2048,340,262,73.0445
16,2048,340,264,77.0935
16,2048,340,266,67.5752
16,2048,340,268,73.3986
16,2048,340,270,72.9781
16,2048,340,272,69.4442
16,2048,340,274,74.237
16,2048,340,276,70.7206
16,2048,340,278,69.5071
16,2048,340,280,67.9297
16,2048,340,282,70.9239
16,2048,340,284,73.3712
16,2048,340,286,64.7227
16,2048,340,288,69.8965
16,2048,340,290,70.8107
16,2048,340,292,72.5571
16,2048,340,294,64.7355
16,2048,340,296,65.8251
16,2048,340,298,67.7044
16,2048,340,300,62.1956
16,2048,340,302,63.9532
16,2048,340,304,63.7889
16,2048,340,306,63.2283
16,2048,340,308,64.8148
16,2048,340,310,62.2014
16,2048,340,312,60.3572
16,2048,340,314,63.9594
16,2048,340,316,59.9196
16,2048,340,318,62.4752
16,2048,340,320,61.8877
16,2048,340,322,62.301
16,2048,340,324,58.8118
16,2048,340,326,62.2986
16,2048,340,328,63.3665
16,2048,340,330,59.9827
16,2048,340,332,57.6724
16,2048,340,334,59.7946
16,2048,340,336,56.4457
16,2048,340,338,58.0235
16,2048,342,2,49.9299
16,2048,342,4,62.0357
16,2048,342,6,69.0176
16,2048,342,8,73.2576
16,2048,342,10,74.6088
16,2048,342,12,112.2085
16,2048,342,14,96.9935
16,2048,342,16,99.0628
16,2048,342,18,92.788
16,2048,342,20,99.6844
16,2048,342,22,82.5553
16,2048,342,24,120.3397
16,2048,342,26,107.638
16,2048,342,28,114.428
16,2048,342,30,106.449
16,2048,342,32,105.7996
16,2048,342,34,103.8821
16,2048,342,36,118.2879
16,2048,342,38,106.9419
16,2048,342,40,106.2676
16,2048,342,42,103.3843
16,2048,342,44,103.4788
16,2048,342,46,100.5273
16,2048,342,48,113.6403
16,2048,342,50,102.8898
16,2048,342,52,108.4478
16,2048,342,54,101.7487
16,2048,342,56,99.6268
16,2048,342,58,92.6723
16,2048,342,60,113.0917
16,2048,342,62,102.7214
16,2048,342,64,103.8566
16,2048,342,66,98.7958
16,2048,342,68,107.5649
16,2048,342,70,91.903
16,2048,342,72,93.0885
16,2048,342,74,105.5139
16,2048,342,76,100.1408
16,2048,342,78,98.5756
16,2048,342,80,96.5203
16,2048,342,82,94.2171
16,2048,342,84,99.1667
16,2048,342,86,97.9939
16,2048,342,88,103.9536
16,2048,342,90,100.7382
16,2048,342,92,93.2134
16,2048,342,94,95.8644
16,2048,342,96,97.3968
16,2048,342,98,105.3924
16,2048,342,100,97.06
16,2048,342,102,105.5343
16,2048,342,104,94.6478
16,2048,342,106,100.6583
16,2048,342,108,92.0014
16,2048,342,110,101.6324
16,2048,342,112,101.5349
16,2048,342,114,95.187
16,2048,342,116,97.9786
16,2048,342,118,87.268
16,2048,342,120,94.3725
16,2048,342,122,93.2902
16,2048,342,124,82.7191
16,2048,342,126,86.7891
16,2048,342,128,90.6125
16,2048,342,130,88.5917
16,2048,342,132,90.8446
16,2048,342,134,91.1516
16,2048,342,136,90.1138
16,2048,342,138,91.0184
16,2048,342,140,87.0556
16,2048,342,142,85.6339
16,2048,342,144,85.7408
16,2048,342,146,90.3988
16,2048,342,148,91.2459
16,2048,342,150,85.4327
16,2048,342,152,89.66
16,2048,342,154,90.9219
16,2048,342,156,90.1125
16,2048,342,158,78.4613
16,2048,342,160,79.7235
16,2048,342,162,82.7776
16,2048,342,164,89.5026
16,2048,342,166,81.6978
16,2048,342,168,86.284
16,2048,342,170,82.1404
16,2048,342,172,83.3059
16,2048,342,174,82.9916
16,2048,342,176,80.3375
16,2048,342,178,76.9578
16,2048,342,180,85.7646
16,2048,342,182,76.0986
16,2048,342,184,78.7608
16,2048,342,186,81.6089
16,2048,342,188,77.0471
16,2048,342,190,85.4491
16,2048,342,192,87.8502
16,2048,342,194,78.6562
16,2048,342,196,82.9315
16,2048,342,198,79.1461
16,2048,342,200,76.0434
16,2048,342,202,74.4405
16,2048,342,204,83.4362
16,2048,342,206,75.9182
16,2048,342,208,75.3735
16,2048,342,210,81.6485
16,2048,342,212,79.2912
16,2048,342,214,75.0712
16,2048,342,216,80.2401
16,2048,342,218,77.4682
16,2048,342,220,86.9896
16,2048,342,222,77.3076
16,2048,342,224,77.9628
16,2048,342,226,76.3778
16,2048,342,228,69.9338
16,2048,342,230,82.294
16,2048,342,232,85.5115
16,2048,342,234,76.413
16,2048,342,236,78.405
16,2048,342,238,75.2628
16,2048,342,240,80.2599
16,2048,342,242,69.1118
16,2048,342,244,75.9127
16,2048,342,246,77.7592
16,2048,342,248,74.4783
16,2048,342,250,77.7197
16,2048,342,252,74.842
16,2048,342,254,76.8633
16,2048,342,256,70.1629
16,2048,342,258,73.0325
16,2048,342,260,70.2643
16,2048,342,262,72.4844
16,2048,342,264,75.1298
16,2048,342,266,76.0636
16,2048,342,268,81.0856
16,2048,342,270,70.0131
16,2048,342,272,77.0918
16,2048,342,274,68.1808
16,2048,342,276,74.0345
16,2048,342,278,72.4823
16,2048,342,280,70.7938
16,2048,342,282,72.235
16,2048,342,284,73.0165
16,2048,342,286,71.5494
16,2048,342,288,63.4863
16,2048,342,290,65.3468
16,2048,342,292,70.4783
16,2048,342,294,74.0744
16,2048,342,296,64.7745
16,2048,342,298,67.3104
16,2048,342,300,66.8986
16,2048,342,302,67.2759
16,2048,342,304,67.6647
16,2048,342,306,67.1947
16,2048,342,308,62.9356
16,2048,342,310,62.3152
16,2048,342,312,66.8513
16,2048,342,314,67.8621
16,2048,342,316,63.8829
16,2048,342,318,67.0107
16,2048,342,320,58.1482
16,2048,342,322,65.0896
16,2048,342,324,64.8719
16,2048,342,326,60.5345
16,2048,342,328,62.6126
16,2048,342,330,62.5887
16,2048,342,332,59.9794
16,2048,342,334,60.3758
16,2048,342,336,59.1735
16,2048,342,338,59.542
16,2048,342,340,57.3151
16,2048,344,2,49.3871
16,2048,344,4,67.4397
16,2048,344,6,70.919
16,2048,344,8,76.516
16,2048,344,10,67.8003
16,2048,344,12,107.8204
16,2048,344,14,97.6409
16,2048,344,16,99.854
16,2048,344,18,93.4836
16,2048,344,20,90.5728
16,2048,344,22,88.1548
16,2048,344,24,115.4357
16,2048,344,26,109.5416
16,2048,344,28,106.2786
16,2048,344,30,109.0957
16,2048,344,32,103.097
16,2048,344,34,99.6214
16,2048,344,36,117.1767
16,2048,344,38,112.6282
16,2048,344,40,108.7653
16,2048,344,42,104.5701
16,2048,344,44,112.0591
16,2048,344,46,104.6291
16,2048,344,48,120.6792
16,2048,344,50,103.5968
16,2048,344,52,114.0751
16,2048,344,54,112.2211
16,2048,344,56,105.7369
16,2048,344,58,105.7378
16,2048,344,60,112.7713
16,2048,344,62,106.752
16,2048,344,64,110.8934
16,2048,344,66,100.6124
16,2048,344,68,105.1999
16,2048,344,70,106.9009
16,2048,344,72,110.0092
16,2048,344,74,106.8546
16,2048,344,76,108.2395
16,2048,344,78,97.8568
16,2048,344,80,100.6539
16,2048,344,82,99.2635
16,2048,344,84,106.865
16,2048,344,86,94.2324
16,2048,344,88,102.6773
16,2048,344,90,98.0323
16,2048,344,92,99.6546
16,2048,344,94,96.4458
16,2048,344,96,103.9488
16,2048,344,98,98.4098
16,2048,344,100,101.5634
16,2048,344,102,95.3318
16,2048,344,104,89.5918
16,2048,344,106,97.3393
16,2048,344,108,103.7707
16,2048,344,110,97.4987
16,2048,344,112,103.4654
16,2048,344,114,103.7399
16,2048,344,116,89.0047
16,2048,344,118,94.6657
16,2048,344,120,97.6561
16,2048,344,122,97.6587
16,2048,344,124,105.54
16,2048,344,126,92.9944
16,2048,344,128,92.0498
16,2048,344,130,92.2299
16,2048,344,132,87.9871
16,2048,344,134,96.0673
16,2048,344,136,95.4657
16,2048,344,138,89.0049
16,2048,344,140,88.8612
16,2048,344,142,87.1629
16,2048,344,144,93.0668
16,2048,344,146,91.815
16,2048,344,148,89.5966
16,2048,344,150,94.5509
16,2048,344,152,89.2771
16,2048,344,154,79.463
16,2048,344,156,87.7197
16,2048,344,158,89.6095
16,2048,344,160,85.7584
16,2048,344,162,91.048
16,2048,344,164,85.9744
16,2048,344,166,88.6404
16,2048,344,168,87.0463
16,2048,344,170,75.8104
16,2048,344,172,81.4318
16,2048,344,174,86.3112
16,2048,344,176,76.954
16,2048,344,178,88.2969
16,2048,344,180,84.6818
16,2048,344,182,80.0657
16,2048,344,184,83.3338
16,2048,344,186,86.3997
16,2048,344,188,81.4802
16,2048,344,190,80.6277
16,2048,344,192,86.3184
16,2048,344,194,82.2557
16,2048,344,196,83.6919
16,2048,344,198,83.7639
16,2048,344,200,85.8062
16,2048,344,202,76.9379
16,2048,344,204,77.1215
16,2048,344,206,81.3848
16,2048,344,208,81.4018
16,2048,344,210,79.6145
16,2048,344,212,83.0876
16,2048,344,214,85.8577
16,2048,344,216,73.4595
16,2048,344,218,81.4933
16,2048,344,220,85.0965
16,2048,344,222,78.5368
16,2048,344,224,76.389
16,2048,344,226,77.528
16,2048,344,228,82.3608
16,2048,344,230,76.3
16,2048,344,232,85.6479
16,2048,344,234,80.2469
16,2048,344,236,74.387
16,2048,344,238,74.2044
16,2048,344,240,75.4114
16,2048,344,242,77.0373
16,2048,344,244,86.2742
16,2048,344,246,75.8483
16,2048,344,248,74.0974
16,2048,344,250,69.7906
16,2048,344,252,79.5046
16,2048,344,254,69.2857
16,2048,344,256,76.0119
16,2048,344,258,75.3536
16,2048,344,260,71.9239
16,2048,344,262,71.5817
16,2048,344,264,69.4996
16,2048,344,266,69.8356
16,2048,344,268,75.8812
16,2048,344,270,72.8944
16,2048,344,272,70.964
16,2048,344,274,68.1702
16,2048,344,276,74.3253
16,2048,344,278,73.0553
16,2048,344,280,77.8034
16,2048,344,282,71.6891
16,2048,344,284,70.2511
16,2048,344,286,73.4899
16,2048,344,288,66.3202
16,2048,344,290,68.0361
16,2048,344,292,65.6423
16,2048,344,294,69.8283
16,2048,344,296,73.4938
16,2048,344,298,66.9619
16,2048,344,300,67.9192
16,2048,344,302,66.1798
16,2048,344,304,63.8344
16,2048,344,306,65.9929
16,2048,344,308,68.1173
16,2048,344,310,64.317
16,2048,344,312,67.803
16,2048,344,314,66.8378
16,2048,344,316,66.9021
16,2048,344,318,67.8771
16,2048,344,320,62.5327
16,2048,344,322,64.6224
16,2048,344,324,58.5072
16,2048,344,326,61.7255
16,2048,344,328,65.244
16,2048,344,330,56.4304
16,2048,344,332,59.6221
16,2048,344,334,57.7483
16,2048,344,336,57.8296
16,2048,344,338,58.8897
16,2048,344,340,56.2425
16,2048,344,342,58.4205
16,2048,346,2,53.4078
16,2048,346,4,63.693
16,2048,346,6,64.8861
16,2048,346,8,79.8306
16,2048,346,10,83.5602
16,2048,346,12,109.0632
16,2048,346,14,95.9136
16,2048,346,16,103.1031
16,2048,346,18,97.3562
16,2048,346,20,92.6938
16,2048,346,22,87.5361
16,2048,346,24,110.7106
16,2048,346,26,106.5369
16,2048,346,28,110.4759
16,2048,346,30,99.5109
16,2048,346,32,108.7949
16,2048,346,34,104.5199
16,2048,346,36,117.5246
16,2048,346,38,103.1283
16,2048,346,40,106.3065
16,2048,346,42,103.3492
16,2048,346,44,106.651
16,2048,346,46,107.9857
16,2048,346,48,106.9575
16,2048,346,50,108.799
16,2048,346,52,106.0098
16,2048,346,54,104.5591
16,2048,346,56,105.1101
16,2048,346,58,99.2653
16,2048,346,60,105.5992
16,2048,346,62,105.0709
16,2048,346,64,109.0924
16,2048,346,66,93.226
16,2048,346,68,103.341
16,2048,346,70,91.277
16,2048,346,72,100.8859
16,2048,346,74,105.7503
16,2048,346,76,109.1433
16,2048,346,78,98.656
16,2048,346,80,95.2279
16,2048,346,82,96.9224
16,2048,346,84,110.7098
16,2048,346,86,101.0753
16,2048,346,88,95.8913
16,2048,346,90,105.2209
16,2048,346,92,99.8328
16,2048,346,94,95.2336
16,2048,346,96,92.7574
16,2048,346,98,94.7364
16,2048,346,100,97.9929
16,2048,346,102,97.0613
16,2048,346,104,89.6437
16,2048,346,106,92.8495
16,2048,346,108,89.2617
16,2048,346,110,102.3949
16,2048,346,112,100.3564
16,2048,346,114,93.5425
16,2048,346,116,99.4181
16,2048,346,118,98.6353
16,2048,346,120,83.9448
16,2048,346,122,95.2405
16,2048,346,124,102.8264
16,2048,346,126,97.7425
16,2048,346,128,90.0654
16,2048,346,130,85.6501
16,2048,346,132,92.8702
16,2048,346,134,95.3736
16,2048,346,136,93.5441
16,2048,346,138,84.0549
16,2048,346,140,89.0007
16,2048,346,142,86.3563
16,2048,346,144,95.7531
16,2048,346,146,87.0515
16,2048,346,148,95.392
16,2048,346,150,94.8924
16,2048,346,152,90.6077
16,2048,346,154,94.1266
16,2048,346,156,94.8168
16,2048,346,158,88.7632
16,2048,346,160,93.1793
16,2048,346,162,88.6102
16,2048,346,164,81.9358
16,2048,346,166,90.3604
16,2048,346,168,85.6856
16,2048,346,170,87.6938
16,2048,346,172,85.6398
16,2048,346,174,81.604
16,2048,346,176,83.9602
16,2048,346,178,81.8628
16,2048,346,180,77.6283
16,2048,346,182,88.9661
16,2048,346,184,86.3664
16,2048,346,186,77.4652
16,2048,346,188,80.8504
16,2048,346,190,84.3615
16,2048,346,192,82.6633
16,2048,346,194,77.2858
16,2048,346,196,82.5394
16,2048,346,198,84.3255
16,2048,346,200,81.323
16,2048,346,202,72.7148
16,2048,346,204,83.212
16,2048,346,206,81.3514
16,2048,346,208,80.9966
16,2048,346,210,80.5064
16,2048,346,212,85.8071
16,2048,346,214,79.6749
16,2048,346,216,82.4557
16,2048,346,218,78.3952
16,2048,346,220,85.253
16,2048,346,222,75.8489
16,2048,346,224,77.1082
16,2048,346,226,86.4245
16,2048,346,228,75.4429
16,2048,346,230,76.9759
16,2048,346,232,81.8417
16,2048,346,234,81.125
16,2048,346,236,79.3854
16,2048,346,238,75.6613
16,2048,346,240,76.4955
16,2048,346,242,72.2453
16,2048,346,244,80.1768
16,2048,346,246,72.16
16,2048,346,248,68.4245
16,2048,346,250,69.7179
16,2048,346,252,81.0596
16,2048,346,254,77.2512
16,2048,346,256,72.421
16,2048,346,258,74.3951
16,2048,346,260,79.5979
16,2048,346,262,78.9692
16,2048,346,264,75.8246
16,2048,346,266,73.1195
16,2048,346,268,71.6773
16,2048,346,270,76.6267
16,2048,346,272,77.1703
16,2048,346,274,71.4819
16,2048,346,276,64.8231
16,2048,346,278,71.4148
16,2048,346,280,69.5524
16,2048,346,282,73.609
16,2048,346,284,64.6246
16,2048,346,286,68.8406
16,2048,346,288,71.2119
16,2048,346,290,69.3852
16,2048,346,292,67.9532
16,2048,346,294,64.1509
16,2048,346,296,65.1015
16,2048,346,298,70.9078
16,2048,346,300,71.4912
16,2048,346,302,61.0276
16,2048,346,304,63.4703
16,2048,346,306,63.0049
16,2048,346,308,63.529
16,2048,346,310,64.3525
16,2048,346,312,64.0372
16,2048,346,314,64.2755
16,2048,346,316,62.7992
16,2048,346,318,62.2864
16,2048,346,320,63.8382
16,2048,346,322,64.3458
16,2048,346,324,64.8982
16,2048,346,326,60.8567
16,2048,346,328,55.8619
16,2048,346,330,58.176
16,2048,346,332,58.7144
16,2048,346,334,61.8011
16,2048,346,336,62.4586
16,2048,346,338,60.3704
16,2048,346,340,56.9903
16,2048,346,342,56.7335
16,2048,346,344,62.7973
16,2048,348,2,50.7945
16,2048,348,4,73.023
16,2048,348,6,65.9058
16,2048,348,8,75.9108
16,2048,348,10,71.8738
16,2048,348,12,107.8209
16,2048,348,14,99.7997
16,2048,348,16,101.2844
16,2048,348,18,88.0883
16,2048,348,20,96.4208
16,2048,348,22,89.3543
16,2048,348,24,125.9055
16,2048,348,26,104.9599
16,2048,348,28,113.2071
16,2048,348,30,104.55
16,2048,348,32,105.4736
16,2048,348,34,100.7665
16,2048,348,36,123.4807
16,2048,348,38,104.9565
16,2048,348,40,116.564
16,2048,348,42,105.8843
16,2048,348,44,115.6523
16,2048,348,46,108.6242
16,2048,348,48,115.5596
16,2048,348,50,107.1902
16,2048,348,52,109.0647
16,2048,348,54,106.2172
16,2048,348,56,110.2267
16,2048,348,58,98.9138
16,2048,348,60,116.1914
16,2048,348,62,110.9768
16,2048,348,64,101.8964
16,2048,348,66,101.3083
16,2048,348,68,103.3381
16,2048,348,70,99.8506
16,2048,348,72,105.258
16,2048,348,74,99.8558
16,2048,348,76,98.3192
16,2048,348,78,91.0478
16,2048,348,80,93.9814
16,2048,348,82,99.0875
16,2048,348,84,112.7371
16,2048,348,86,100.3791
16,2048,348,88,102.8082
16,2048,348,90,106.6058
16,2048,348,92,101.1201
16,2048,348,94,91.6865
16,2048,348,96,100.6862
16,2048,348,98,103.7698
16,2048,348,100,100.4633
16,2048,348,102,96.6132
16,2048,348,104,108.7959
16,2048,348,106,100.9948
16,2048,348,108,102.293
16,2048,348,110,101.7378
16,2048,348,112,96.8817
16,2048,348,114,93.9577
16,2048,348,116,89.0256
16,2048,348,118,97.4368
16,2048,348,120,95.9729
16,2048,348,122,99.7855
16,2048,348,124,98.512
16,2048,348,126,91.1996
16,2048,348,128,90.5103
16,2048,348,130,89.4571
16,2048,348,132,84.909
16,2048,348,134,98.7005
16,2048,348,136,93.296
16,2048,348,138,87.8325
16,2048,348,140,90.3214
16,2048,348,142,93.0607
16,2048,348,144,91.0227
16,2048,348,146,94.719
16,2048,348,148,91.9159
16,2048,348,150,87.7371
16,2048,348,152,90.2686
16,2048,348,154,88.408
16,2048,348,156,89.684
16,2048,348,158,88.8715
16,2048,348,160,85.7892
16,2048,348,162,90.6081
16,2048,348,164,84.6489
16,2048,348,166,87.6279
16,2048,348,168,85.2699
16,2048,348,170,79.6539
16,2048,348,172,81.6472
16,2048,348,174,80.1519
16,2048,348,176,86.0923
16,2048,348,178,83.8372
16,2048,348,180,87.3306
16,2048,348,182,84.1776
16,2048,348,184,80.303
16,2048,348,186,79.9023
16,2048,348,188,74.6307
16,2048,348,190,87.9767
16,2048,348,192,81.7796
16,2048,348,194,81.0695
16,2048,348,196,78.0359
16,2048,348,198,80.1251
16,2048,348,200,87.4978
16,2048,348,202,84.1906
16,2048,348,204,82.7568
16,2048,348,206,74.1753
16,2048,348,208,83.6072
16,2048,348,210,81.8573
16,2048,348,212,78.6031
16,2048,348,214,84.9965
16,2048,348,216,83.443
16,2048,348,218,73.8529
16,2048,348,220,76.5173
16,2048,348,222,82.2869
16,2048,348,224,78.4121
16,2048,348,226,78.775
16,2048,348,228,79.6905
16,2048,348,230,77.9881
16,2048,348,232,80.9879
16,2048,348,234,71.9814
16,2048,348,236,82.2704
16,2048,348,238,74.6004
16,2048,348,240,83.941
16,2048,348,242,81.2822
16,2048,348,244,76.2968
16,2048,348,246,73.4408
16,2048,348,248,74.5487
16,2048,348,250,80.0937
16,2048,348,252,75.0672
16,2048,348,254,72.8908
16,2048,348,256,73.0335
16,2048,348,258,73.4803
16,2048,348,260,68.7259
16,2048,348,262,71.0288
16,2048,348,264,70.278
16,2048,348,266,67.4514
16,2048,348,268,71.0154
16,2048,348,270,71.9111
16,2048,348,272,74.4069
16,2048,348,274,73.1972
16,2048,348,276,80.4118
16,2048,348,278,63.7789
16,2048,348,280,72.6503
16,2048,348,282,68.8457
16,2048,348,284,69.9614
16,2048,348,286,76.8451
16,2048,348,288,71.2368
16,2048,348,290,71.7781
16,2048,348,292,65.1154
16,2048,348,294,68.4005
16,2048,348,296,65.8384
16,2048,348,298,67.8321
16,2048,348,300,62.7182
16,2048,348,302,65.7336
16,2048,348,304,66.9075
16,2048,348,306,66.973
16,2048,348,308,65.2722
16,2048,348,310,65.6142
16,2048,348,312,62.056
16,2048,348,314,66.8684
16,2048,348,316,63.8512
16,2048,348,318,68.4243
16,2048,348,320,57.7829
16,2048,348,322,60.4977
16,2048,348,324,68.556
16,2048,348,326,57.1673
16,2048,348,328,60.2423
16,2048,348,330,59.1345
16,2048,348,332,65.9073
16,2048,348,334,64.8726
16,2048,348,336,56.1109
16,2048,348,338,60.9231
16,2048,348,340,58.3102
16,2048,348,342,59.134
16,2048,348,344,59.5194
16,2048,348,346,59.5884
16,2048,350,2,51.741
16,2048,350,4,72.1433
16,2048,350,6,71.4261
16,2048,350,8,79.5376
16,2048,350,10,70.3866
16,2048,350,12,105.8651
16,2048,350,14,100.6967
16,2048,350,16,103.6673
16,2048,350,18,89.6116
16,2048,350,20,94.2473
16,2048,350,22,89.6812
16,2048,350,24,114.1814
16,2048,350,26,108.6158
16,2048,350,28,105.5931
16,2048,350,30,100.1092
16,2048,350,32,97.6152
16,2048,350,34,102.6244
16,2048,350,36,111.2298
16,2048,350,38,109.2034
16,2048,350,40,117.0048
16,2048,350,42,108.5264
16,2048,350,44,106.8757
16,2048,350,46,109.9979
16,2048,350,48,106.2276
16,2048,350,50,111.3725
16,2048,350,52,106.5361
16,2048,350,54,112.8515
16,2048,350,56,107.2919
16,2048,350,58,92.6648
16,2048,350,60,108.3224
16,2048,350,62,109.0724
16,2048,350,64,109.2805
16,2048,350,66,110.6316
16,2048,350,68,103.8756
16,2048,350,70,101.3626
16,2048,350,72,111.2042
16,2048,350,74,108.2119
16,2048,350,76,99.8674
16,2048,350,78,103.4035
16,2048,350,80,98.8229
16,2048,350,82,97.9064
16,2048,350,84,100.3442
16,2048,350,86,92.5307
16,2048,350,88,95.178
16,2048,350,90,102.1252
16,2048,350,92,97.2265
16,2048,350,94,93.5923
16,2048,350,96,107.5408
16,2048,350,98,101.6235
16,2048,350,100,102.1307
16,2048,350,102,100.0156
16,2048,350,104,99.7482
16,2048,350,106,104.9447
16,2048,350,108,93.5802
16,2048,350,110,105.3113
16,2048,350,112,85.9313
16,2048,350,114,94.193
16,2048,350,116,81.6144
16,2048,350,118,92.5931
16,2048,350,120,93.5414
16,2048,350,122,93.5602
16,2048,350,124,89.4182
16,2048,350,126,89.311
16,2048,350,128,92.0158
16,2048,350,130,84.6182
16,2048,350,132,92.9538
16,2048,350,134,90.5641
16,2048,350,136,94.0522
16,2048,350,138,82.7994
16,2048,350,140,97.1931
16,2048,350,142,84.8693
16,2048,350,144,87.789
16,2048,350,146,91.8787
16,2048,350,148,86.9991
16,2048,350,150,95.6581
16,2048,350,152,89.972
16,2048,350,154,87.6827
16,2048,350,156,90.9325
16,2048,350,158,84.8493
16,2048,350,160,91.9483
16,2048,350,162,79.9956
16,2048,350,164,80.7718
16,2048,350,166,84.6491
16,2048,350,168,91.7078
16,2048,350,170,79.5307
16,2048,350,172,86.4317
16,2048,350,174,78.4185
16,2048,350,176,80.0401
16,2048,350,178,83.9826
16,2048,350,180,81.2294
16,2048,350,182,87.2084
16,2048,350,184,80.8037
16,2048,350,186,84.7375
16,2048,350,188,81.4301
16,2048,350,190,82.4649
16,2048,350,192,69.8598
16,2048,350,194,82.3861
16,2048,350,196,77.702
16,2048,350,198,84.957
16,2048,350,200,78.6801
16,2048,350,202,84.7599
16,2048,350,204,83.6344
16,2048,350,206,82.7163
16,2048,350,208,81.968
16,2048,350,210,76.3836
16,2048,350,212,73.3973
16,2048,350,214,82.7082
16,2048,350,216,77.7728
16,2048,350,218,72.6357
16,2048,350,220,79.3031
16,2048,350,222,75.1952
16,2048,350,224,82.593
16,2048,350,226,74.3659
16,2048,350,228,73.6616
16,2048,350,230,84.0058
16,2048,350,232,77.1056
16,2048,350,234,77.3596
16,2048,350,236,79.7393
16,2048,350,238,75.867
16,2048,350,240,82.0126
16,2048,350,242,76.2425
16,2048,350,244,79.1472
16,2048,350,246,78.6543
16,2048,350,248,73.9047
16,2048,350,250,67.2869
16,2048,350,252,80.4141
16,2048,350,254,72.4236
16,2048,350,256,68.2724
16,2048,350,258,75.4732
16,2048,350,260,69.881
16,2048,350,262,72.8229
16,2048,350,264,70.1712
16,2048,350,266,73.6445
16,2048,350,268,72.3567
16,2048,350,270,66.7168
16,2048,350,272,73.1145
16,2048,350,274,66.7617
16,2048,350,276,71.3974
16,2048,350,278,69.9759
16,2048,350,280,74.3844
16,2048,350,282,65.9029
16,2048,350,284,67.6161
16,2048,350,286,64.2854
16,2048,350,288,68.024
16,2048,350,290,70.9618
16,2048,350,292,66.7222
16,2048,350,294,61.6263
16,2048,350,296,61.3591
16,2048,350,298,64.5793
16,2048,350,300,68.1861
16,2048,350,302,68.6542
16,2048,350,304,72.1376
16,2048,350,306,65.5173
16,2048,350,308,59.5069
16,2048,350,310,66.424
16,2048,350,312,66.4813
16,2048,350,314,66.0018
16,2048,350,316,66.1316
16,2048,350,318,58.2084
16,2048,350,320,61.7832
16,2048,350,322,62.6288
16,2048,350,324,63.5472
16,2048,350,326,60.0684
16,2048,350,328,62.2602
16,2048,350,330,61.956
16,2048,350,332,55.4887
16,2048,350,334,66.0678
16,2048,350,336,60.117
16,2048,350,338,60.2606
16,2048,350,340,56.9456
16,2048,350,342,62.8012
16,2048,350,344,60.5717
16,2048,350,346,60.5203
16,2048,350,348,57.8995
16,2048,352,2,47.8947
16,2048,352,4,62.5855
16,2048,352,6,68.3698
16,2048,352,8,77.2454
16,2048,352,10,76.9161
16,2048,352,12,107.9682
16,2048,352,14,92.6831
16,2048,352,16,98.2715
16,2048,352,18,100.3195
16,2048,352,20,97.4529
16,2048,352,22,89.3285
16,2048,352,24,126.9627
16,2048,352,26,113.8667
16,2048,352,28,109.1551
16,2048,352,30,100.6291
16,2048,352,32,103.7678
16,2048,352,34,100.6529
16,2048,352,36,117.4963
16,2048,352,38,112.0408
16,2048,352,40,115.2927
16,2048,352,42,110.6334
16,2048,352,44,97.1301
16,2048,352,46,96.1922
16,2048,352,48,109.9822
16,2048,352,50,106.2743
16,2048,352,52,106.8675
16,2048,352,54,96.7729
16,2048,352,56,106.5809
16,2048,352,58,93.5672
16,2048,352,60,116.5889
16,2048,352,62,99.7513
16,2048,352,64,106.7112
16,2048,352,66,99.4814
16,2048,352,68,114.9094
16,2048,352,70,97.1338
16,2048,352,72,105.7994
16,2048,352,74,105.7867
16,2048,352,76,96.0464
16,2048,352,78,98.7437
16,2048,352,80,104.4084
16,2048,352,82,105.3817
16,2048,352,84,98.6873
16,2048,352,86,103.3203
16,2048,352,88,101.9626
16,2048,352,90,91.915
16,2048,352,92,92.7143
16,2048,352,94,89.523
16,2048,352,96,104.4277
16,2048,352,98,94.677
16,2048,352,100,100.3448
16,2048,352,102,88.6052
16,2048,352,104,88.0674
16,2048,352,106,99.294
16,2048,352,108,104.9688
16,2048,352,110,90.7247
16,2048,352,112,90.2308
16,2048,352,114,93.8229
16,2048,352,116,95.8329
16,2048,352,118,83.47
16,2048,352,120,96.7321
16,2048,352,122,91.8024
16,2048,352,124,97.2168
16,2048,352,126,93.9335
16,2048,352,128,96.4541
16,2048,352,130,85.4218
16,2048,352,132,87.1694
16,2048,352,134,92.1155
16,2048,352,136,87.0152
16,2048,352,138,89.0391
16,2048,352,140,88.7371
16,2048,352,142,89.4341
16,2048,352,144,97.4565
16,2048,352,146,87.2694
16,2048,352,148,94.8117
16,2048,352,150,93.778
16,2048,352,152,83.6385
16,2048,352,154,87.6976
16,2048,352,156,96.7559
16,2048,352,158,89.4127
16,2048,352,160,97.0403
16,2048,352,162,87.0425
16,2048,352,164,87.372
16,2048,352,166,88.5452
16,2048,352,168,85.6968
16,2048,352,170,86.9434
16,2048,352,172,71.1302
16,2048,352,174,75.5408
16,2048,352,176,77.7257
16,2048,352,178,78.9436
16,2048,352,180,85.6453
16,2048,352,182,82.7123
16,2048,352,184,87.8101
16,2048,352,186,76.3478
16,2048,352,188,80.6377
16,2048,352,190,88.97
16,2048,352,192,80.0115
16,2048,352,194,81.7904
16,2048,352,196,85.6486
16,2048,352,198,75.756
16,2048,352,200,86.0649
16,2048,352,202,77.7605
16,2048,352,204,85.6276
16,2048,352,206,85.5848
16,2048,352,208,85.6655
16,2048,352,210,72.5746
16,2048,352,212,83.5741
16,2048,352,214,74.9909
16,2048,352,216,77.9267
16,2048,352,218,80.1701
16,2048,352,220,82.5438
16,2048,352,222,76.7276
16,2048,352,224,79.9867
16,2048,352,226,84.4938
16,2048,352,228,86.6754
16,2048,352,230,77.55
16,2048,352,232,77.9448
16,2048,352,234,80.1157
16,2048,352,236,78.5013
16,2048,352,238,76.8548
16,2048,352,240,71.7181
16,2048,352,242,72.8594
16,2048,352,244,69.6788
16,2048,352,246,75.689
16,2048,352,248,80.6465
16,2048,352,250,76.8228
16,2048,352,252,77.0733
16,2048,352,254,69.3608
16,2048,352,256,67.5147
16,2048,352,258,69.4586
16,2048,352,260,72.4883
16,2048,352,262,70.8146
16,2048,352,264,74.2892
16,2048,352,266,67.0294
16,2048,352,268,69.3922
16,2048,352,270,73.1312
16,2048,352,272,75.3819
16,2048,352,274,74.9619
16,2048,352,276,72.1751
16,2048,352,278,69.4707
16,2048,352,280,76.7541
16,2048,352,282,69.5758
16,2048,352,284,69.2215
16,2048,352,286,65.9509
16,2048,352,288,69.2808
16,2048,352,290,67.8621
16,2048,352,292,69.0709
16,2048,352,294,65.0434
16,2048,352,296,68.4996
16,2048,352,298,68.3749
16,2048,352,300,72.2328
16,2048,352,302,69.1943
16,2048,352,304,69.1957
16,2048,352,306,67.9802
16,2048,352,308,62.2437
16,2048,352,310,69.3274
16,2048,352,312,71.0414
16,2048,352,314,68.2051
16,2048,352,316,69.108
16,2048,352,318,60.8901
16,2048,352,320,59.7479
16,2048,352,322,63.9771
16,2048,352,324,62.4542
16,2048,352,326,65.2762
16,2048,352,328,65.6072
16,2048,352,330,61.2748
16,2048,352,332,61.5211
16,2048,352,334,57.5803
16,2048,352,336,60.4225
16,2048,352,338,58.8864
16,2048,352,340,55.0617
16,2048,352,342,64.4303
16,2048,352,344,62.3085
16,2048,352,346,59.0683
16,2048,352,348,57.2853
16,2048,352,350,59.4833
16,2048,354,2,52.1274
16,2048,354,4,68.8009
16,2048,354,6,69.0008
16,2048,354,8,75.9231
16,2048,354,10,67.1769
16,2048,354,12,102.5195
16,2048,354,14,91.5336
16,2048,354,16,100.6224
16,2048,354,18,95.153
16,2048,354,20,91.3076
16,2048,354,22,92.9273
16,2048,354,24,119.5574
16,2048,354,26,111.837
16,2048,354,28,113.1757
16,2048,354,30,102.9901
16,2048,354,32,103.7171
16,2048,354,34,99.2949
16,2048,354,36,109.9021
16,2048,354,38,116.2298
16,2048,354,40,103.0556
16,2048,354,42,107.3426
16,2048,354,44,103.9372
16,2048,354,46,98.6069
16,2048,354,48,112.4618
16,2048,354,50,106.4319
16,2048,354,52,102.1685
16,2048,354,54,100.6081
16,2048,354,56,102.1637
16,2048,354,58,101.0579
16,2048,354,60,107.0439
16,2048,354,62,105.8728
16,2048,354,64,101.0965
16,2048,354,66,99.1206
16,2048,354,68,110.1698
16,2048,354,70,102.6399
16,2048,354,72,104.0843
16,2048,354,74,111.0243
16,2048,354,76,96.6451
16,2048,354,78,101.0761
16,2048,354,80,104.1272
16,2048,354,82,97.3779
16,2048,354,84,98.1919
16,2048,354,86,100.7991
16,2048,354,88,102.874
16,2048,354,90,99.3174
16,2048,354,92,95.743
16,2048,354,94,96.6046
16,2048,354,96,100.5353
16,2048,354,98,104.9249
16,2048,354,100,100.0359
16,2048,354,102,95.8262
16,2048,354,104,99.8859
16,2048,354,106,95.1823
16,2048,354,108,99.2935
16,2048,354,110,91.6414
16,2048,354,112,88.2714
16,2048,354,114,96.9368
16,2048,354,116,96.4985
16,2048,354,118,90.0129
16,2048,354,120,98.5889
16,2048,354,122,86.9077
16,2048,354,124,87.6433
16,2048,354,126,92.8162
16,2048,354,128,93.0882
16,2048,354,130,86.4192
16,2048,354,132,91.9417
16,2048,354,134,87.6006
16,2048,354,136,93.1714
16,2048,354,138,87.8926
16,2048,354,140,90.7009
16,2048,354,142,91.5316
16,2048,354,144,91.693
16,2048,354,146,90.6195
16,2048,354,148,93.3742
16,2048,354,150,85.1828
16,2048,354,152,86.2919
16,2048,354,154,85.8391
16,2048,354,156,81.7923
16,2048,354,158,88.1363
16,2048,354,160,83.3858
16,2048,354,162,83.1593
16,2048,354,164,79.9389
16,2048,354,166,85.9762
16,2048,354,168,81.7714
16,2048,354,170,86.5956
16,2048,354,172,79.3042
16,2048,354,174,82.9818
16,2048,354,176,78.0517
16,2048,354,178,72.3016
16,2048,354,180,77.5452
16,2048,354,182,84.0667
16,2048,354,184,80.1965
16,2048,354,186,76.9307
16,2048,354,188,83.0068
16,2048,354,190,75.3201
16,2048,354,192,79.397
16,2048,354,194,82.8963
16,2048,354,196,83.6284
16,2048,354,198,77.0662
16,2048,354,200,77.3167
16,2048,354,202,86.2395
16,2048,354,204,81.112
16,2048,354,206,81.5876
16,2048,354,208,76.4544
16,2048,354,210,73.7276
16,2048,354,212,84.2177
16,2048,354,214,80.6134
16,2048,354,216,79.1332
16,2048,354,218,77.3772
16,2048,354,220,78.9377
16,2048,354,222,77.564
16,2048,354,224,73.7424
16,2048,354,226,77.68
16,2048,354,228,79.0235
16,2048,354,230,80.2766
16,2048,354,232,75.2459
16,2048,354,234,73.7426
16,2048,354,236,79.6404
16,2048,354,238,77.9008
16,2048,354,240,73.3186
16,2048,354,242,79.9999
16,2048,354,244,71.2964
16,2048,354,246,77.3851
16,2048,354,248,77.1256
16,2048,354,250,74.6333
16,2048,354,252,71.485
16,2048,354,254,75.7356
16,2048,354,256,74.1056
16,2048,354,258,77.6921
16,2048,354,260,73.0422
16,2048,354,262,68.398
16,2048,354,264,74.5171
16,2048,354,266,75.0194
16,2048,354,268,73.5858
16,2048,354,270,75.045
16,2048,354,272,74.6311
16,2048,354,274,69.5103
16,2048,354,276,68.6802
16,2048,354,278,76.046
16,2048,354,280,68.8375
16,2048,354,282,66.934
16,2048,354,284,72.7876
16,2048,354,286,66.1929
16,2048,354,288,74.7073
16,2048,354,290,75.4075
16,2048,354,292,70.9723
16,2048,354,294,63.6423
16,2048,354,296,61.6927
16,2048,354,298,71.0649
16,2048,354,300,66.956
16,2048,354,302,63.9872
16,2048,354,304,70.3945
16,2048,354,306,64.8824
16,2048,354,308,63.1315
16,2048,354,310,72.5147
16,2048,354,312,67.2579
16,2048,354,314,70.0326
16,2048,354,316,57.9753
16,2048,354,318,63.2222
16,2048,354,320,62.1186
16,2048,354,322,62.3671
16,2048,354,324,64.4596
16,2048,354,326,62.9883
16,2048,354,328,65.613
16,2048,354,330,63.108
16,2048,354,332,65.7509
16,2048,354,334,62.744
16,2048,354,336,59.0009
16,2048,354,338,64.9168
16,2048,354,340,55.8019
16,2048,354,342,59.0248
16,2048,354,344,60.2898
16,2048,354,346,55.8447
16,2048,354,348,59.8204
16,2048,354,350,57.4699
16,2048,354,352,60.7088
16,2048,356,2,46.5935
16,2048,356,4,62.6789
16,2048,356,6,66.1883
16,2048,356,8,84.4248
16,2048,356,10,70.7355
16,2048,356,12,97.9316
16,2048,356,14,95.9196
16,2048,356,16,90.2253
16,2048,356,18,88.2373
16,2048,356,20,92.5782
16,2048,356,22,91.3515
16,2048,356,24,119.3739
16,2048,356,26,103.2659
16,2048,356,28,107.1736
16,2048,356,30,108.4845
16,2048,356,32,102.9655
16,2048,356,34,97.4448
16,2048,356,36,121.6129
16,2048,356,38,104.825
16,2048,356,40,115.6535
16,2048,356,42,102.9603
16,2048,356,44,105.8308
16,2048,356,46,94.8971
16,2048,356,48,113.1503
16,2048,356,50,104.6238
16,2048,356,52,107.4881
16,2048,356,54,103.4307
16,2048,356,56,105.6505
16,2048,356,58,103.0475
16,2048,356,60,106.6957
16,2048,356,62,107.7812
16,2048,356,64,102.1876
16,2048,356,66,97.7544
16,2048,356,68,99.5557
16,2048,356,70,98.4097
16,2048,356,72,92.1239
16,2048,356,74,94.1086
16,2048,356,76,101.6693
16,2048,356,78,107.5902
16,2048,356,80,98.9285
16,2048,356,82,93.1657
16,2048,356,84,100.1354
16,2048,356,86,100.6374
16,2048,356,88,104.2712
16,2048,356,90,90.3797
16,2048,356,92,90.0627
16,2048,356,94,88.3566
16,2048,356,96,101.6524
16,2048,356,98,86.3567
16,2048,356,100,90.2722
16,2048,356,102,99.2085
16,2048,356,104,91.8731
16,2048,356,106,100.0545
16,2048,356,108,89.3161
16,2048,356,110,99.5806
16,2048,356,112,98.7673
16,2048,356,114,90.91
16,2048,356,116,98.8556
16,2048,356,118,99.2825
16,2048,356,120,92.5145
16,2048,356,122,95.5141
16,2048,356,124,90.3014
16,2048,356,126,94.7663
16,2048,356,128,88.0099
16,2048,356,130,89.8154
16,2048,356,132,97.9573
16,2048,356,134,89.4941
16,2048,356,136,97.0071
16,2048,356,138,89.7511
16,2048,356,140,86.521
16,2048,356,142,85.1654
16,2048,356,144,90.6431
16,2048,356,146,88.2127
16,2048,356,148,86.719
16,2048,356,150,83.7358
16,2048,356,152,87.2848
16,2048,356,154,91.3787
16,2048,356,156,77.7856
16,2048,356,158,85.0143
16,2048,356,160,81.1257
16,2048,356,162,82.9298
16,2048,356,164,83.8623
16,2048,356,166,82.8926
16,2048,356,168,82.0185
16,2048,356,170,80.4598
16,2048,356,172,80.6027
16,2048,356,174,83.5194
16,2048,356,176,79.8992
16,2048,356,178,82.4468
16,2048,356,180,76.5317
16,2048,356,182,77.4253
16,2048,356,184,87.369
16,2048,356,186,83.4675
16,2048,356,188,83.6791
16,2048,356,190,81.7374
16,2048,356,192,81.261
16,2048,356,194,83.1902
16,2048,356,196,79.7372
16,2048,356,198,83.4768
16,2048,356,200,84.3258
16,2048,356,202,75.7587
16,2048,356,204,87.7202
16,2048,356,206,83.0428
16,2048,356,208,80.3897
16,2048,356,210,84.1485
16,2048,356,212,76.7
16,2048,356,214,76.5623
16,2048,356,216,76.3056
16,2048,356,218,73.1006
16,2048,356,220,75.3809
16,2048,356,222,75.2502
16,2048,356,224,72.72
16,2048,356,226,71.98
16,2048,356,228,74.9678
16,2048,356,230,77.9858
16,2048,356,232,73.2752
16,2048,356,234,78.7891
16,2048,356,236,79.732
16,2048,356,238,74.9141
16,2048,356,240,70.4507
16,2048,356,242,79.3189
16,2048,356,244,75.6599
16,2048,356,246,73.6102
16,2048,356,248,78.1692
16,2048,356,250,72.0589
16,2048,356,252,68.0719
16,2048,356,254,75.1822
16,2048,356,256,72.0535
16,2048,356,258,78.6782
16,2048,356,260,73.1988
16,2048,356,262,78.9952
16,2048,356,264,76.3748
16,2048,356,266,62.7569
16,2048,356,268,76.0175
16,2048,356,270,70.8701
16,2048,356,272,74.379
16,2048,356,274,77.1713
16,2048,356,276,68.0049
16,2048,356,278,70.0227
16,2048,356,280,71.4144
16,2048,356,282,68.4054
16,2048,356,284,64.6155
16,2048,356,286,66.4006
16,2048,356,288,72.3849
16,2048,356,290,73.7629
16,2048,356,292,72.7727
16,2048,356,294,69.9167
16,2048,356,296,61.4076
16,2048,356,298,67.2766
16,2048,356,300,66.136
16,2048,356,302,65.7893
16,2048,356,304,67.9026
16,2048,356,306,66.8516
16,2048,356,308,69.0083
16,2048,356,310,66.7618
16,2048,356,312,67.6963
16,2048,356,314,60.2445
16,2048,356,316,59.2132
16,2048,356,318,67.2606
16,2048,356,320,64.4502
16,2048,356,322,62.4842
16,2048,356,324,64.2551
16,2048,356,326,64.0268
16,2048,356,328,61.4842
16,2048,356,330,59.6859
16,2048,356,332,58.6942
16,2048,356,334,60.3133
16,2048,356,336,60.0556
16,2048,356,338,58.7487
16,2048,356,340,56.2571
16,2048,356,342,59.4161
16,2048,356,344,57.5288
16,2048,356,346,59.4911
16,2048,356,348,61.5475
16,2048,356,350,56.782
16,2048,356,352,59.1676
16,2048,356,354,57.0715
16,2048,358,2,50.4083
16,2048,358,4,65.2799
16,2048,358,6,72.9234
16,2048,358,8,84.8295
16,2048,358,10,71.9131
16,2048,358,12,106.9899
16,2048,358,14,95.0379
16,2048,358,16,95.1159
16,2048,358,18,91.925
16,2048,358,20,89.3351
16,2048,358,22,86.1032
16,2048,358,24,111.1223
16,2048,358,26,107.8185
16,2048,358,28,107.4966
16,2048,358,30,103.3121
16,2048,358,32,104.9289
16,2048,358,34,97.2429
16,2048,358,36,111.1527
16,2048,358,38,107.3414
16,2048,358,40,105.5973
16,2048,358,42,100.3935
16,2048,358,44,104.8911
16,2048,358,46,96.0858
16,2048,358,48,108.4145
16,2048,358,50,114.523
16,2048,358,52,111.6446
16,2048,358,54,92.4552
16,2048,358,56,104.0734
16,2048,358,58,94.6023
16,2048,358,60,98.3822
16,2048,358,62,102.581
16,2048,358,64,102.4213
16,2048,358,66,102.0965
16,2048,358,68,97.0499
16,2048,358,70,96.2444
16,2048,358,72,97.8491
16,2048,358,74,100.8775
16,2048,358,76,98.6816
16,2048,358,78,98.581
16,2048,358,80,96.7465
16,2048,358,82,110.6914
16,2048,358,84,99.8372
16,2048,358,86,95.0271
16,2048,358,88,100.558
16,2048,358,90,109.9994
16,2048,358,92,94.9341
16,2048,358,94,91.1937
16,2048,358,96,103.1653
16,2048,358,98,102.504
16,2048,358,100,97.1413
16,2048,358,102,90.969
16,2048,358,104,99.2432
16,2048,358,106,93.4358
16,2048,358,108,97.3915
16,2048,358,110,94.7568
16,2048,358,112,91.1512
16,2048,358,114,92.5946
16,2048,358,116,94.7973
16,2048,358,118,96.9115
16,2048,358,120,94.6493
16,2048,358,122,88.7952
16,2048,358,124,100.1935
16,2048,358,126,85.4121
16,2048,358,128,98.6694
16,2048,358,130,95.8305
16,2048,358,132,84.4464
16,2048,358,134,88.593
16,2048,358,136,93.4512
16,2048,358,138,90.3312
16,2048,358,140,89.5688
16,2048,358,142,83.604
16,2048,358,144,92.4035
16,2048,358,146,97.5268
16,2048,358,148,87.7057
16,2048,358,150,81.4922
16,2048,358,152,89.6424
16,2048,358,154,80.9414
16,2048,358,156,93.6827
16,2048,358,158,85.6494
16,2048,358,160,86.3196
16,2048,358,162,88.3528
16,2048,358,164,84.1942
16,2048,358,166,89.7928
16,2048,358,168,87.0857
16,2048,358,170,83.2735
16,2048,358,172,85.6337
16,2048,358,174,76.8708
16,2048,358,176,79.0257
16,2048,358,178,73.4628
16,2048,358,180,88.5393
16,2048,358,182,85.3744
16,2048,358,184,78.2787
16,2048,358,186,77.2291
16,2048,358,188,76.773
16,2048,358,190,79.8588
16,2048,358,192,85.9708
16,2048,358,194,82.4276
16,2048,358,196,78.1577
16,2048,358,198,78.191
16,2048,358,200,73.5509
16,2048,358,202,78.9846
16,2048,358,204,74.0086
16,2048,358,206,75.4388
16,2048,358,208,80.3888
16,2048,358,210,74.5885
16,2048,358,212,83.8731
16,2048,358,214,76.0309
16,2048,358,216,82.3354
16,2048,358,218,75.7728
16,2048,358,220,82.9663
16,2048,358,222,82.7816
16,2048,358,224,76.7056
16,2048,358,226,75.679
16,2048,358,228,74.5717
16,2048,358,230,75.8932
16,2048,358,232,82.287
16,2048,358,234,76.9905
16,2048,358,236,76.4951
16,2048,358,238,72.1792
16,2048,358,240,70.669
16,2048,358,242,71.9225
16,2048,358,244,72.1444
16,2048,358,246,77.9685
16,2048,358,248,74.9157
16,2048,358,250,78.1088
16,2048,358,252,72.8477
16,2048,358,254,74.6652
16,2048,358,256,76.6347
16,2048,358,258,75.1438
16,2048,358,260,73.2495
16,2048,358,262,75.4
16,2048,358,264,72.0962
16,2048,358,266,67.8578
16,2048,358,268,72.6869
16,2048,358,270,66.972
16,2048,358,272,71.3181
16,2048,358,274,77.4116
16,2048,358,276,68.4164
16,2048,358,278,65.3055
16,2048,358,280,71.9065
16,2048,358,282,70.2568
16,2048,358,284,64.7146
16,2048,358,286,71.8095
16,2048,358,288,70.0587
16,2048,358,290,65.8924
16,2048,358,292,71.5499
16,2048,358,294,63.5927
16,2048,358,296,67.0514
16,2048,358,298,63.1396
16,2048,358,300,68.6644
16,2048,358,302,60.8508
16,2048,358,304,69.8081
16,2048,358,306,64.5803
16,2048,358,308,63.755
16,2048,358,310,70.9737
16,2048,358,312,67.7197
16,2048,358,314,62.7309
16,2048,358,316,69.7287
16,2048,358,318,64.9448
16,2048,358,320,62.3127
16,2048,358,322,58.6352
16,2048,358,324,64.8079
16,2048,358,326,59.3693
16,2048,358,328,63.0985
16,2048,358,330,59.8947
16,2048,358,332,60.1806
16,2048,358,334,62.7094
16,2048,358,336,55.8168
16,2048,358,338,61.196
16,2048,358,340,56.71
16,2048,358,342,62.9205
16,2048,358,344,60.7694
16,2048,358,346,56.3952
16,2048,358,348,60.7876
16,2048,358,350,61.5712
16,2048,358,352,57.1212
16,2048,358,354,57.493
16,2048,358,356,59.8808
16,2048,360,2,49.3565
16,2048,360,4,67.0378
16,2048,360,6,69.9811
16,2048,360,8,76.4051
16,2048,360,10,73.4063
16,2048,360,12,108.5802
16,2048,360,14,94.9616
16,2048,360,16,93.9381
16,2048,360,18,96.6236
16,2048,360,20,98.274
16,2048,360,22,86.773
16,2048,360,24,118.2406
16,2048,360,26,106.1371
16,2048,360,28,117.0519
16,2048,360,30,105.8017
16,2048,360,32,100.035
16,2048,360,34,96.95
16,2048,360,36,114.0441
16,2048,360,38,109.5957
16,2048,360,40,112.2605
16,2048,360,42,106.3722
16,2048,360,44,109.1488
16,2048,360,46,108.7364
16,2048,360,48,115.9934
16,2048,360,50,111.7166
16,2048,360,52,111.022
16,2048,360,54,110.5902
16,2048,360,56,115.3093
16,2048,360,58,97.9293
16,2048,360,60,110.4093
16,2048,360,62,103.4897
16,2048,360,64,113.5991
16,2048,360,66,104.9829
16,2048,360,68,92.8277
16,2048,360,70,99.1011
16,2048,360,72,114.4438
16,2048,360,74,98.3926
16,2048,360,76,101.3771
16,2048,360,78,111.3334
16,2048,360,80,95.856
16,2048,360,82,94.753
16,2048,360,84,100.2022
16,2048,360,86,98.3896
16,2048,360,88,92.0497
16,2048,360,90,99.6883
16,2048,360,92,97.8076
16,2048,360,94,103.4876
16,2048,360,96,98.9383
16,2048,360,98,107.2889
16,2048,360,100,106.3389
16,2048,360,102,98.4198
16,2048,360,104,99.3295
16,2048,360,106,101.4126
16,2048,360,108,106.1367
16,2048,360,110,96.4653
16,2048,360,112,98.1874
16,2048,360,114,90.5925
16,2048,360,116,98.4235
16,2048,360,118,96.7362
16,2048,360,120,100.5632
16,2048,360,122,83.7398
16,2048,360,124,88.675
16,2048,360,126,91.7733
16,2048,360,128,94.2429
16,2048,360,130,88.7499
16,2048,360,132,91.2669
16,2048,360,134,90.1127
16,2048,360,136,95.7896
16,2048,360,138,93.7253
16,2048,360,140,90.3716
16,2048,360,142,90.7296
16,2048,360,144,87.0946
16,2048,360,146,83.0679
16,2048,360,148,86.74
16,2048,360,150,98.4047
16,2048,360,152,95.7341
16,2048,360,154,82.5767
16,2048,360,156,90.1004
16,2048,360,158,87.4133
16,2048,360,160,78.5577
16,2048,360,162,82.7187
16,2048,360,164,80.3672
16,2048,360,166,83.21
16,2048,360,168,88.1841
16,2048,360,170,80.5162
16,2048,360,172,76.772
16,2048,360,174,82.545
16,2048,360,176,85.4781
16,2048,360,178,76.7248
16,2048,360,180,75.3537
16,2048,360,182,81.6813
16,2048,360,184,80.3465
16,2048,360,186,78.0949
16,2048,360,188,84.8976
16,2048,360,190,84.8092
16,2048,360,192,78.958
16,2048,360,194,81.2602
16,2048,360,196,74.3741
16,2048,360,198,79.1218
16,2048,360,200,78.0382
16,2048,360,202,75.4432
16,2048,360,204,79.2451
16,2048,360,206,80.2178
16,2048,360,208,78.8468
16,2048,360,210,79.9754
16,2048,360,212,84.0159
16,2048,360,214,70.6298
16,2048,360,216,79.4778
16,2048,360,218,77.9099
16,2048,360,220,83.9668
16,2048,360,222,72.89
16,2048,360,224,80.6726
16,2048,360,226,70.1266
16,2048,360,228,85.0386
16,2048,360,230,78.8566
16,2048,360,232,74.7359
16,2048,360,234,76.6025
16,2048,360,236,81.61
16,2048,360,238,77.0112
16,2048,360,240,75.9756
16,2048,360,242,73.4489
16,2048,360,244,71.1592
16,2048,360,246,78.7334
16,2048,360,248,74.1619
16,2048,360,250,75.0385
16,2048,360,252,79.6979
16,2048,360,254,77.68
16,2048,360,256,73.9373
16,2048,360,258,66.907
16,2048,360,260,69.1796
16,2048,360,262,75.4133
16,2048,360,264,76.3763
16,2048,360,266,74.8087
16,2048,360,268,69.1262
16,2048,360,270,72.4766
16,2048,360,272,70.7525
16,2048,360,274,72.6673
16,2048,360,276,77.0242
16,2048,360,278,72.3236
16,2048,360,280,67.5126
16,2048,360,282,76.6662
16,2048,360,284,71.4182
16,2048,360,286,72.6401
16,2048,360,288,72.7164
16,2048,360,290,69.5472
16,2048,360,292,64.8844
16,2048,360,294,72.4911
16,2048,360,296,67.6352
16,2048,360,298,66.8078
16,2048,360,300,72.0184
16,2048,360,302,68.521
16,2048,360,304,66.7471
16,2048,360,306,66.929
16,2048,360,308,64.0738
16,2048,360,310,71.1575
16,2048,360,312,63.1076
16,2048,360,314,59.9312
16,2048,360,316,66.2855
16,2048,360,318,66.4915
16,2048,360,320,67.1731
16,2048,360,322,65.7375
16,2048,360,324,64.8795
16,2048,360,326,68.3624
16,2048,360,328,56.5039
16,2048,360,330,63.2583
16,2048,360,332,63.1006
16,2048,360,334,63.1512
16,2048,360,336,58.3275
16,2048,360,338,59.9089
16,2048,360,340,61.1181
16,2048,360,342,59.6678
16,2048,360,344,59.7715
16,2048,360,346,59.2221
16,2048,360,348,62.0116
16,2048,360,350,57.8654
16,2048,360,352,58.7827
16,2048,360,354,58.7318
16,2048,360,356,59.7461
16,2048,360,358,63.3817
16,2048,362,2,51.6333
16,2048,362,4,67.5865
16,2048,362,6,72.3759
16,2048,362,8,68.7203
16,2048,362,10,66.1182
16,2048,362,12,100.2115
16,2048,362,14,101.7334
16,2048,362,16,92.1483
16,2048,362,18,91.7193
16,2048,362,20,90.7043
16,2048,362,22,89.2422
16,2048,362,24,109.2874
16,2048,362,26,100.2179
16,2048,362,28,101.0332
16,2048,362,30,100.2482
16,2048,362,32,94.789
16,2048,362,34,99.1772
16,2048,362,36,119.5874
16,2048,362,38,109.8694
16,2048,362,40,108.743
16,2048,362,42,106.0667
16,2048,362,44,100.026
16,2048,362,46,99.5952
16,2048,362,48,105.1094
16,2048,362,50,108.4176
16,2048,362,52,113.2764
16,2048,362,54,107.0171
16,2048,362,56,104.2539
16,2048,362,58,101.0612
16,2048,362,60,101.0395
16,2048,362,62,104.9825
16,2048,362,64,101.909
16,2048,362,66,102.7776
16,2048,362,68,96.8526
16,2048,362,70,97.2335
16,2048,362,72,106.4502
16,2048,362,74,100.8125
16,2048,362,76,91.7009
16,2048,362,78,100.3186
16,2048,362,80,94.9872
16,2048,362,82,93.6843
16,2048,362,84,99.4589
16,2048,362,86,99.7159
16,2048,362,88,99.1349
16,2048,362,90,102.1796
16,2048,362,92,93.4334
16,2048,362,94,95.5829
16,2048,362,96,102.5659
16,2048,362,98,105.8974
16,2048,362,100,102.0883
16,2048,362,102,105.1825
16,2048,362,104,98.1983
16,2048,362,106,93.9918
16,2048,362,108,87.1363
16,2048,362,110,104.5476
16,2048,362,112,94.1805
16,2048,362,114,95.8433
16,2048,362,116,89.884
16,2048,362,118,85.735
16,2048,362,120,91.9716
16,2048,362,122,94.9775
16,2048,362,124,89.7499
16,2048,362,126,92.0497
16,2048,362,128,89.3269
16,2048,362,130,91.704
16,2048,362,132,87.5412
16,2048,362,134,97.7632
16,2048,362,136,87.0052
16,2048,362,138,97.6993
16,2048,362,140,93.618
16,2048,362,142,87.4053
16,2048,362,144,97.7356
16,2048,362,146,87.9781
16,2048,362,148,91.9561
16,2048,362,150,79.8034
16,2048,362,152,77.0379
16,2048,362,154,85.9908
16,2048,362,156,91.6517
16,2048,362,158,86.2751
16,2048,362,160,84.5801
16,2048,362,162,89.1333
16,2048,362,164,85.4339
16,2048,362,166,80.5251
16,2048,362,168,81.0624
16,2048,362,170,86.9009
16,2048,362,172,82.5389
16,2048,362,174,78.5517
16,2048,362,176,82.2132
16,2048,362,178,76.7702
16,2048,362,180,87.3057
16,2048,362,182,82.4829
16,2048,362,184,80.1995
16,2048,362,186,74.0632
16,2048,362,188,84.833
16,2048,362,190,74.9923
16,2048,362,192,83.4155
16,2048,362,194,78.0983
16,2048,362,196,71.4039
16,2048,362,198,80.4183
16,2048,362,200,81.1708
16,2048,362,202,80.6139
16,2048,362,204,75.5361
16,2048,362,206,82.3111
16,2048,362,208,81.1062
16,2048,362,210,74.9571
16,2048,362,212,82.8906
16,2048,362,214,73.6489
16,2048,362,216,87.0367
16,2048,362,218,85.5088
16,2048,362,220,72.2876
16,2048,362,222,77.8849
16,2048,362,224,75.8595
16,2048,362,226,79.9073
16,2048,362,228,79.4191
16,2048,362,230,81.8153
16,2048,362,232,74.9766
16,2048,362,234,77.379
16,2048,362,236,75.1513
16,2048,362,238,75.8926
16,2048,362,240,76.216
16,2048,362,242,77.389
16,2048,362,244,78.1849
16,2048,362,246,73.7286
16,2048,362,248,73.0737
16,2048,362,250,73.0636
16,2048,362,252,72.0255
16,2048,362,254,66.1801
16,2048,362,256,71.5741
16,2048,362,258,71.8226
16,2048,362,260,65.3081
16,2048,362,262,75.664
16,2048,362,264,71.2745
16,2048,362,266,72.8156
16,2048,362,268,69.3334
16,2048,362,270,68.1181
16,2048,362,272,68.7043
16,2048,362,274,70.9894
16,2048,362,276,72.579
16,2048,362,278,76.4264
16,2048,362,280,71.9087
16,2048,362,282,68.7194
16,2048,362,284,73.073
16,2048,362,286,71.5816
16,2048,362,288,67.0993
16,2048,362,290,72.9298
16,2048,362,292,67.3859
16,2048,362,294,66.5111
16,2048,362,296,62.7171
16,2048,362,298,73.498
16,2048,362,300,70.5028
16,2048,362,302,68.4869
16,2048,362,304,65.7288
16,2048,362,306,65.7908
16,2048,362,308,58.0029
16,2048,362,310,68.6942
16,2048,362,312,63.8908
16,2048,362,314,65.577
16,2048,362,316,63.8571
16,2048,362,318,62.8962
16,2048,362,320,62.4702
16,2048,362,322,70.8663
16,2048,362,324,68.425
16,2048,362,326,69.8681
16,2048,362,328,61.2249
16,2048,362,330,65.0637
16,2048,362,332,61.2282
16,2048,362,334,63.6074
16,2048,362,336,63.5785
16,2048,362,338,61.8899
16,2048,362,340,63.2154
16,2048,362,342,63.1525
16,2048,362,344,56.3204
16,2048,362,346,59.3186
16,2048,362,348,61.4187
16,2048,362,350,56.8726
16,2048,362,352,57.3543
16,2048,362,354,62.362
16,2048,362,356,61.2745
16,2048,362,358,58.3546
16,2048,362,360,57.5603
16,2048,364,2,52.0396
16,2048,364,4,62.6427
16,2048,364,6,69.6578
16,2048,364,8,78.5742
16,2048,364,10,69.7142
16,2048,364,12,107.3688
16,2048,364,14,97.3153
16,2048,364,16,95.9132
16,2048,364,18,90.1704
16,2048,364,20,90.0877
16,2048,364,22,86.6834
16,2048,364,24,119.5708
16,2048,364,26,107.8542
16,2048,364,28,108.4008
16,2048,364,30,94.2957
16,2048,364,32,97.2026
16,2048,364,34,97.1828
16,2048,364,36,107.2625
16,2048,364,38,105.8367
16,2048,364,40,101.3493
16,2048,364,42,99.029
16,2048,364,44,100.6842
16,2048,364,46,102.6324
16,2048,364,48,118.8861
16,2048,364,50,101.54
16,2048,364,52,104.6601
16,2048,364,54,107.2252
16,2048,364,56,97.8602
16,2048,364,58,106.2482
16,2048,364,60,107.7992
16,2048,364,62,101.3329
16,2048,364,64,103.312
16,2048,364,66,101.917
16,2048,364,68,100.8791
16,2048,364,70,97.7621
16,2048,364,72,102.315
16,2048,364,74,106.991
16,2048,364,76,104.4754
16,2048,364,78,102.0147
16,2048,364,80,100.6601
16,2048,364,82,101.9628
16,2048,364,84,101.5493
16,2048,364,86,102.3163
16,2048,364,88,95.801
16,2048,364,90,86.9714
16,2048,364,92,103.6552
16,2048,364,94,100.6084
16,2048,364,96,100.5698
16,2048,364,98,94.9133
16,2048,364,100,101.6063
16,2048,364,102,91.9391
16,2048,364,104,101.8131
16,2048,364,106,89.1844
16,2048,364,108,96.985
16,2048,364,110,100.2072
16,2048,364,112,96.0417
16,2048,364,114,102.8529
16,2048,364,116,99.6731
16,2048,364,118,90.7035
16,2048,364,120,85.2308
16,2048,364,122,93.627
16,2048,364,124,88.9237
16,2048,364,126,89.1132
16,2048,364,128,96.6855
16,2048,364,130,85.8678
16,2048,364,132,96.4826
16,2048,364,134,92.19
16,2048,364,136,88.5635
16,2048,364,138,89.2592
16,2048,364,140,92.671
16,2048,364,142,86.6137
16,2048,364,144,82.3935
16,2048,364,146,83.0741
16,2048,364,148,90.0962
16,2048,364,150,89.3391
16,2048,364,152,94.2586
16,2048,364,154,87.7267
16,2048,364,156,84.7029
16,2048,364,158,84.6364
16,2048,364,160,85.716
16,2048,364,162,84.4704
16,2048,364,164,86.1937
16,2048,364,166,85.7391
16,2048,364,168,82.2119
16,2048,364,170,80.2852
16,2048,364,172,83.2487
16,2048,364,174,76.7185
16,2048,364,176,73.9928
16,2048,364,178,83.1284
16,2048,364,180,75.5075
16,2048,364,182,81.6285
16,2048,364,184,84.4053
16,2048,364,186,75.4021
16,2048,364,188,81.5894
16,2048,364,190,77.1941
16,2048,364,192,77.6654
16,2048,364,194,77.8521
16,2048,364,196,80.6323
16,2048,364,198,79.4883
16,2048,364,200,71.8254
16,2048,364,202,77.5278
16,2048,364,204,88.4593
16,2048,364,206,73.8064
16,2048,364,208,82.9624
16,2048,364,210,84.2176
16,2048,364,212,81.0323
16,2048,364,214,82.3939
16,2048,364,216,79.6212
16,2048,364,218,76.387
16,2048,364,220,79.9093
16,2048,364,222,73.6858
16,2048,364,224,75.0963
16,2048,364,226,68.9702
16,2048,364,228,77.5992
16,2048,364,230,76.0567
16,2048,364,232,75.865
16,2048,364,234,70.1959
16,2048,364,236,78.1206
16,2048,364,238,73.366
16,2048,364,240,69.7063
16,2048,364,242,74.8634
16,2048,364,244,73.7086
16,2048,364,246,69.2518
16,2048,364,248,70.0476
16,2048,364,250,71.5001
16,2048,364,252,78.7444
16,2048,364,254,79.7563
16,2048,364,256,74.2163
16,2048,364,258,69.7772
16,2048,364,260,67.7798
16,2048,364,262,66.8242
16,2048,364,264,75.0742
16,2048,364,266,70.7068
16,2048,364,268,76.2898
16,2048,364,270,77.2109
16,2048,364,272,72.1926
16,2048,364,274,67.5206
16,2048,364,276,73.6422
16,2048,364,278,64.9269
16,2048,364,280,76.939
16,2048,364,282,62.2813
16,2048,364,284,70.888
16,2048,364,286,71.2866
16,2048,364,288,62.7841
16,2048,364,290,66.9705
16,2048,364,292,70.9204
16,2048,364,294,71.8784
16,2048,364,296,64.9046
16,2048,364,298,73.6938
16,2048,364,300,71.9755
16,2048,364,302,65.0198
16,2048,364,304,73.6483
16,2048,364,306,64.9264
16,2048,364,308,66.6092
16,2048,364,310,67.1197
16,2048,364,312,67.0304
16,2048,364,314,64.6336
16,2048,364,316,66.2147
16,2048,364,318,61.8813
16,2048,364,320,62.7786
16,2048,364,322,62.9671
16,2048,364,324,63.4437
16,2048,364,326,61.2182
16,2048,364,328,65.9724
16,2048,364,330,64.0404
16,2048,364,332,59.0794
16,2048,364,334,58.8976
16,2048,364,336,62.2374
16,2048,364,338,60.417
16,2048,364,340,66.9224
16,2048,364,342,58.4289
16,2048,364,344,60.2403
16,2048,364,346,59.024
16,2048,364,348,60.4297
16,2048,364,350,65.6521
16,2048,364,352,56.8313
16,2048,364,354,56.8834
16,2048,364,356,57.1979
16,2048,364,358,61.2203
16,2048,364,360,58.9213
16,2048,364,362,57.969
16,2048,366,2,48.481
16,2048,366,4,63.2864
16,2048,366,6,58.0066
16,2048,366,8,70.8839
16,2048,366,10,76.7947
16,2048,366,12,105.0007
16,2048,366,14,87.144
16,2048,366,16,91.4598
16,2048,366,18,88.2577
16,2048,366,20,91.3051
16,2048,366,22,86.6996
16,2048,366,24,111.3096
16,2048,366,26,101.9946
16,2048,366,28,107.6849
16,2048,366,30,98.4261
16,2048,366,32,97.9455
16,2048,366,34,98.061
16,2048,366,36,107.2016
16,2048,366,38,103.3855
16,2048,366,40,114.6456
16,2048,366,42,96.8087
16,2048,366,44,106.3983
16,2048,366,46,99.7136
16,2048,366,48,100.9621
16,2048,366,50,102.5092
16,2048,366,52,98.5786
16,2048,366,54,102.8503
16,2048,366,56,99.0949
16,2048,366,58,96.5669
16,2048,366,60,102.5439
16,2048,366,62,100.667
16,2048,366,64,101.0814
16,2048,366,66,102.7236
16,2048,366,68,85.6913
16,2048,366,70,95.4145
16,2048,366,72,91.2477
16,2048,366,74,105.9764
16,2048,366,76,100.1672
16,2048,366,78,98.872
16,2048,366,80,100.7374
16,2048,366,82,101.3429
16,2048,366,84,103.4183
16,2048,366,86,92.9727
16,2048,366,88,100.8937
16,2048,366,90,88.2996
16,2048,366,92,99.2595
16,2048,366,94,97.0451
16,2048,366,96,98.5873
16,2048,366,98,95.0812
16,2048,366,100,103.3568
16,2048,366,102,101.7205
16,2048,366,104,96.5838
16,2048,366,106,102.0063
16,2048,366,108,89.9788
16,2048,366,110,95.7184
16,2048,366,112,92.196
16,2048,366,114,91.6604
16,2048,366,116,92.0495
16,2048,366,118,85.0896
16,2048,366,120,90.3278
16,2048,366,122,89.1506
16,2048,366,124,85.7946
16,2048,366,126,94.8235
16,2048,366,128,89.0533
16,2048,366,130,87.223
16,2048,366,132,88.5773
16,2048,366,134,85.8006
16,2048,366,136,90.5081
16,2048,366,138,91.3731
16,2048,366,140,95.9293
16,2048,366,142,89.4571
16,2048,366,144,85.9526
16,2048,366,146,91.2991
16,2048,366,148,83.4064
16,2048,366,150,90.4367
16,2048,366,152,83.9621
16,2048,366,154,79.5445
16,2048,366,156,85.2311
16,2048,366,158,85.0332
16,2048,366,160,79.6578
16,2048,366,162,87.1829
16,2048,366,164,83.3067
16,2048,366,166,85.0062
16,2048,366,168,81.0494
16,2048,366,170,86.7027
16,2048,366,172,89.2472
16,2048,366,174,85.3947
16,2048,366,176,82.2176
16,2048,366,178,80.4908
16,2048,366,180,71.5876
16,2048,366,182,80.8506
16,2048,366,184,84.9447
16,2048,366,186,75.7145
16,2048,366,188,73.8643
16,2048,366,190,75.4013
16,2048,366,192,79.0013
16,2048,366,194,77.0571
16,2048,366,196,80.2702
16,2048,366,198,83.4298
16,2048,366,200,73.6688
16,2048,366,202,77.8901
16,2048,366,204,76.0076
16,2048,366,206,77.7213
16,2048,366,208,77.3744
16,2048,366,210,81.262
16,2048,366,212,77.7715
16,2048,366,214,73.801
16,2048,366,216,80.907
16,2048,366,218,73.7723
16,2048,366,220,75.5006
16,2048,366,222,70.8718
16,2048,366,224,73.0467
16,2048,366,226,74.5396
16,2048,366,228,74.9702
16,2048,366,230,72.1844
16,2048,366,232,75.1915
16,2048,366,234,72.5122
16,2048,366,236,75.2089
16,2048,366,238,75.5176
16,2048,366,240,74.6466
16,2048,366,242,75.2361
16,2048,366,244,79.1729
16,2048,366,246,79.6058
16,2048,366,248,78.0397
16,2048,366,250,75.6795
16,2048,366,252,71.8179
16,2048,366,254,76.7456
16,2048,366,256,68.4863
16,2048,366,258,68.2201
16,2048,366,260,73.9249
16,2048,366,262,67.5647
16,2048,366,264,69.0156
16,2048,366,266,71.581
16,2048,366,268,73.1592
16,2048,366,270,73.8222
16,2048,366,272,73.1868
16,2048,366,274,72.8275
16,2048,366,276,63.9373
16,2048,366,278,71.9596
16,2048,366,280,69.9352
16,2048,366,282,77.065
16,2048,366,284,62.0674
16,2048,366,286,66.0803
16,2048,366,288,72.413
16,2048,366,290,71.6994
16,2048,366,292,68.4011
16,2048,366,294,64.6831
16,2048,366,296,70.8074
16,2048,366,298,67.3252
16,2048,366,300,68.9618
16,2048,366,302,65.4316
16,2048,366,304,66.2652
16,2048,366,306,62.9912
16,2048,366,308,60.4137
16,2048,366,310,69.2795
16,2048,366,312,61.6667
16,2048,366,314,68.9756
16,2048,366,316,65.8269
16,2048,366,318,63.8024
16,2048,366,320,63.6673
16,2048,366,322,63.8966
16,2048,366,324,62.3639
16,2048,366,326,64.3233
16,2048,366,328,62.3803
16,2048,366,330,63.6461
16,2048,366,332,60.9891
16,2048,366,334,63.3298
16,2048,366,336,67.6441
16,2048,366,338,57.4952
16,2048,366,340,60.3553
16,2048,366,342,64.3555
16,2048,366,344,54.3222
16,2048,366,346,54.5794
16,2048,366,348,57.2898
16,2048,366,350,59.7694
16,2048,366,352,60.4442
16,2048,366,354,60.341
16,2048,366,356,56.1051
16,2048,366,358,56.4821
16,2048,366,360,58.221
16,2048,366,362,56.0256
16,2048,366,364,58.5042
16,2048,368,2,51.7169
16,2048,368,4,68.3915
16,2048,368,6,70.1466
16,2048,368,8,73.1824
16,2048,368,10,68.4479
16,2048,368,12,100.9881
16,2048,368,14,88.9943
16,2048,368,16,93.37
16,2048,368,18,87.6758
16,2048,368,20,91.6826
16,2048,368,22,86.6529
16,2048,368,24,113.2095
16,2048,368,26,101.9386
16,2048,368,28,100.2797
16,2048,368,30,90.7246
16,2048,368,32,99.501
16,2048,368,34,89.3727
16,2048,368,36,101.8174
16,2048,368,38,103.2825
16,2048,368,40,97.167
16,2048,368,42,104.0153
16,2048,368,44,100.308
16,2048,368,46,94.9452
16,2048,368,48,107.0855
16,2048,368,50,103.6048
16,2048,368,52,103.6224
16,2048,368,54,105.37
16,2048,368,56,103.0767
16,2048,368,58,91.3357
16,2048,368,60,114.5787
16,2048,368,62,101.982
16,2048,368,64,107.3431
16,2048,368,66,100.9395
16,2048,368,68,100.9512
16,2048,368,70,91.6947
16,2048,368,72,97.3884
16,2048,368,74,105.111
16,2048,368,76,99.708
16,2048,368,78,93.7556
16,2048,368,80,106.8968
16,2048,368,82,91.5001
16,2048,368,84,97.8334
16,2048,368,86,95.8641
16,2048,368,88,97.7134
16,2048,368,90,93.4631
16,2048,368,92,100.7122
16,2048,368,94,87.2142
16,2048,368,96,101.2187
16,2048,368,98,99.4901
16,2048,368,100,98.2124
16,2048,368,102,94.541
16,2048,368,104,98.0734
16,2048,368,106,92.5555
16,2048,368,108,98.7612
16,2048,368,110,97.39
16,2048,368,112,91.5016
16,2048,368,114,92.8456
16,2048,368,116,94.4082
16,2048,368,118,84.5686
16,2048,368,120,99.0798
16,2048,368,122,80.3997
16,2048,368,124,97.4626
16,2048,368,126,82.0391
16,2048,368,128,91.0745
16,2048,368,130,88.8547
16,2048,368,132,88.1514
16,2048,368,134,84.5698
16,2048,368,136,89.7447
16,2048,368,138,90.8789
16,2048,368,140,95.2286
16,2048,368,142,94.5199
16,2048,368,144,87.8063
16,2048,368,146,92.035
16,2048,368,148,88.84
16,2048,368,150,91.3826
16,2048,368,152,87.5835
16,2048,368,154,86.1079
16,2048,368,156,82.4799
16,2048,368,158,85.9062
16,2048,368,160,92.8385
16,2048,368,162,88.1053
16,2048,368,164,85.4773
16,2048,368,166,80.8851
16,2048,368,168,83.5011
16,2048,368,170,76.1547
16,2048,368,172,77.2939
16,2048,368,174,85.3931
16,2048,368,176,78.2217
16,2048,368,178,77.6381
16,2048,368,180,84.2953
16,2048,368,182,80.5943
16,2048,368,184,81.1378
16,2048,368,186,78.3758
16,2048,368,188,79.444
16,2048,368,190,72.3933
16,2048,368,192,81.6756
16,2048,368,194,75.8443
16,2048,368,196,76.9052
16,2048,368,198,76.3957
16,2048,368,200,77.2049
16,2048,368,202,79.3518
16,2048,368,204,78.8159
16,2048,368,206,73.9525
16,2048,368,208,84.4577
16,2048,368,210,72.1842
16,2048,368,212,80.0784
16,2048,368,214,75.6654
16,2048,368,216,74.9232
16,2048,368,218,82.9588
16,2048,368,220,78.6333
16,2048,368,222,70.9568
16,2048,368,224,74.8737
16,2048,368,226,68.4963
16,2048,368,228,75.0336
16,2048,368,230,75.9659
16,2048,368,232,71.8276
16,2048,368,234,76.0323
16,2048,368,236,79.1662
16,2048,368,238,76.3909
16,2048,368,240,66.6512
16,2048,368,242,75.178
16,2048,368,244,77.2763
16,2048,368,246,69.6491
16,2048,368,248,75.2496
16,2048,368,250,71.7139
16,2048,368,252,73.6966
16,2048,368,254,70.4416
16,2048,368,256,69.0921
16,2048,368,258,72.4144
16,2048,368,260,73.1135
16,2048,368,262,71.5085
16,2048,368,264,77.5083
16,2048,368,266,73.9217
16,2048,368,268,75.2466
16,2048,368,270,78.1709
16,2048,368,272,70.2598
16,2048,368,274,70.315
16,2048,368,276,79.7834
16,2048,368,278,70.7797
16,2048,368,280,75.2167
16,2048,368,282,71.5377
16,2048,368,284,69.4829
16,2048,368,286,72.3599
16,2048,368,288,72.7889
16,2048,368,290,64.6738
16,2048,368,292,68.7461
16,2048,368,294,71.6005
16,2048,368,296,64.1969
16,2048,368,298,66.5431
16,2048,368,300,65.1675
16,2048,368,302,69.245
16,2048,368,304,62.8962
16,2048,368,306,63.3138
16,2048,368,308,60.6836
16,2048,368,310,67.3613
16,2048,368,312,63.6803
16,2048,368,314,63.8898
16,2048,368,316,61.3388
16,2048,368,318,64.4992
16,2048,368,320,71.9849
16,2048,368,322,60.1518
16,2048,368,324,65.9856
16,2048,368,326,65.3509
16,2048,368,328,69.3768
16,2048,368,330,67.7075
16,2048,368,332,62.8292
16,2048,368,334,65.3812
16,2048,368,336,66.6954
16,2048,368,338,58.6726
16,2048,368,340,62.353
16,2048,368,342,60.5696
16,2048,368,344,55.7038
16,2048,368,346,59.0628
16,2048,368,348,56.6738
16,2048,368,350,58.4712
16,2048,368,352,61.6691
16,2048,368,354,57.1388
16,2048,368,356,55.7596
16,2048,368,358,58.7821
16,2048,368,360,57.0071
16,2048,368,362,58.9417
16,2048,368,364,54.8591
16,2048,368,366,57.9141
16,2048,370,2,51.6751
16,2048,370,4,67.515
16,2048,370,6,63.7374
16,2048,370,8,73.1394
16,2048,370,10,69.3455
16,2048,370,12,99.0788
16,2048,370,14,88.1193
16,2048,370,16,88.5663
16,2048,370,18,87.1946
16,2048,370,20,89.895
16,2048,370,22,84.7548
16,2048,370,24,110.4678
16,2048,370,26,99.8621
16,2048,370,28,105.8334
16,2048,370,30,93.7732
16,2048,370,32,98.4554
16,2048,370,34,98.8214
16,2048,370,36,114.114
16,2048,370,38,104.1408
16,2048,370,40,103.1229
16,2048,370,42,103.503
16,2048,370,44,98.5223
16,2048,370,46,87.0696
16,2048,370,48,104.8583
16,2048,370,50,105.0705
16,2048,370,52,97.3897
16,2048,370,54,90.1022
16,2048,370,56,99.8423
16,2048,370,58,96.9
16,2048,370,60,95.4423
16,2048,370,62,104.2776
16,2048,370,64,94.4361
16,2048,370,66,97.4372
16,2048,370,68,101.3084
16,2048,370,70,98.8516
16,2048,370,72,102.8727
16,2048,370,74,101.5251
16,2048,370,76,94.3452
16,2048,370,78,93.3899
16,2048,370,80,100.7339
16,2048,370,82,96.154
16,2048,370,84,91.9933
16,2048,370,86,95.6041
16,2048,370,88,105.4779
16,2048,370,90,93.1882
16,2048,370,92,106.6632
16,2048,370,94,93.0203
16,2048,370,96,100.2332
16,2048,370,98,106.2635
16,2048,370,100,102.6334
16,2048,370,102,91.9175
16,2048,370,104,93.8891
16,2048,370,106,92.099
16,2048,370,108,101.1185
16,2048,370,110,94.7585
16,2048,370,112,103.6911
16,2048,370,114,90.214
16,2048,370,116,87.4541
16,2048,370,118,88.4549
16,2048,370,120,92.0862
16,2048,370,122,86.037
16,2048,370,124,88.1269
16,2048,370,126,90.3211
16,2048,370,128,86.0089
16,2048,370,130,87.8058
16,2048,370,132,89.7154
16,2048,370,134,85.9922
16,2048,370,136,92.2271
16,2048,370,138,84.3571
16,2048,370,140,92.4298
16,2048,370,142,85.0012
16,2048,370,144,86.6794
16,2048,370,146,90.448
16,2048,370,148,86.1346
16,2048,370,150,82.8307
16,2048,370,152,88.5621
16,2048,370,154,86.7982
16,2048,370,156,81.078
16,2048,370,158,89.7795
16,2048,370,160,82.2458
16,2048,370,162,83.5209
16,2048,370,164,78.2194
16,2048,370,166,85.6907
16,2048,370,168,80.7857
16,2048,370,170,77.2848
16,2048,370,172,80.6127
16,2048,370,174,87.1306
16,2048,370,176,81.0864
16,2048,370,178,76.8062
16,2048,370,180,78.0214
16,2048,370,182,74.8691
16,2048,370,184,82.9673
16,2048,370,186,74.0313
16,2048,370,188,78.3788
16,2048,370,190,82.1605
16,2048,370,192,78.6048
16,2048,370,194,75.9546
16,2048,370,196,73.8554
16,2048,370,198,74.479
16,2048,370,200,83.9473
16,2048,370,202,71.7778
16,2048,370,204,76.5353
16,2048,370,206,79.9216
16,2048,370,208,76.6437
16,2048,370,210,78.5973
16,2048,370,212,76.9903
16,2048,370,214,79.2429
16,2048,370,216,77.0383
16,2048,370,218,72.497
16,2048,370,220,73.7412
16,2048,370,222,76.7301
16,2048,370,224,78.8744
16,2048,370,226,74.1047
16,2048,370,228,69.9413
16,2048,370,230,71.3676
16,2048,370,232,77.2643
16,2048,370,234,76.9889
16,2048,370,236,72.8471
16,2048,370,238,74.8978
16,2048,370,240,72.5521
16,2048,370,242,68.6293
16,2048,370,244,69.8611
16,2048,370,246,72.6162
16,2048,370,248,70.2999
16,2048,370,250,73.0985
16,2048,370,252,73.5091
16,2048,370,254,73.3865
16,2048,370,256,68.6865
16,2048,370,258,75.8573
16,2048,370,260,74.2933
16,2048,370,262,69.1544
16,2048,370,264,66.7762
16,2048,370,266,67.9797
16,2048,370,268,71.704
16,2048,370,270,68.1072
16,2048,370,272,69.933
16,2048,370,274,71.7115
16,2048,370,276,70.146
16,2048,370,278,66.7008
16,2048,370,280,68.7957
16,2048,370,282,69.2001
16,2048,370,284,73.0245
16,2048,370,286,69.9218
16,2048,370,288,72.72
16,2048,370,290,69.4538
16,2048,370,292,66.8891
16,2048,370,294,66.9873
16,2048,370,296,70.1813
16,2048,370,298,65.6108
16,2048,370,300,62.1605
16,2048,370,302,68.65
16,2048,370,304,67.4764
16,2048,370,306,63.6945
16,2048,370,308,66.6351
16,2048,370,310,67.4527
16,2048,370,312,61.5315
16,2048,370,314,64.3831
16,2048,370,316,62.7974
16,2048,370,318,63.1398
16,2048,370,320,61.4699
16,2048,370,322,61.2817
16,2048,370,324,58.8843
16,2048,370,326,65.4767
16,2048,370,328,56.3207
16,2048,370,330,62.2485
16,2048,370,332,60.0054
16,2048,370,334,60.2983
16,2048,370,336,59.3942
16,2048,370,338,62.5394
16,2048,370,340,61.9878
16,2048,370,342,56.3694
16,2048,370,344,57.5727
16,2048,370,346,57.9385
16,2048,370,348,61.3857
16,2048,370,350,54.2615
16,2048,370,352,61.3544
16,2048,370,354,56.067
16,2048,370,356,58.5869
16,2048,370,358,58.8549
16,2048,370,360,55.0646
16,2048,370,362,56.7853
16,2048,370,364,58.3763
16,2048,370,366,54.2817
16,2048,370,368,54.6138
16,2048,372,2,50.8208
16,2048,372,4,63.8254
16,2048,372,6,67.8398
16,2048,372,8,78.6359
16,2048,372,10,73.5145
16,2048,372,12,101.409
16,2048,372,14,92.5502
16,2048,372,16,96.8862
16,2048,372,18,96.7039
16,2048,372,20,86.6533
16,2048,372,22,77.5959
16,2048,372,24,112.2755
16,2048,372,26,104.0322
16,2048,372,28,102.9173
16,2048,372,30,102.1622
16,2048,372,32,102.8365
16,2048,372,34,88.7361
16,2048,372,36,113.1314
16,2048,372,38,108.8752
16,2048,372,40,103.5335
16,2048,372,42,96.9727
16,2048,372,44,98.217
16,2048,372,46,88.3208
16,2048,372,48,106.058
16,2048,372,50,106.9731
16,2048,372,52,110.5127
16,2048,372,54,108.789
16,2048,372,56,101.4105
16,2048,372,58,106.1024
16,2048,372,60,104.4289
16,2048,372,62,97.6597
16,2048,372,64,103.1571
16,2048,372,66,102.0377
16,2048,372,68,94.262
16,2048,372,70,93.7929
16,2048,372,72,101.3366
16,2048,372,74,98.7816
16,2048,372,76,100.5733
16,2048,372,78,102.7311
16,2048,372,80,95.3237
16,2048,372,82,108.9085
16,2048,372,84,97.6036
16,2048,372,86,99.1744
16,2048,372,88,99.0981
16,2048,372,90,95.5574
16,2048,372,92,91.344
16,2048,372,94,95.7688
16,2048,372,96,97.6722
16,2048,372,98,92.697
16,2048,372,100,101.1588
16,2048,372,102,87.8168
16,2048,372,104,102.4574
16,2048,372,106,88.8171
16,2048,372,108,97.4055
16,2048,372,110,87.6878
16,2048,372,112,96.6734
16,2048,372,114,93.0551
16,2048,372,116,94.3206
16,2048,372,118,88.0722
16,2048,372,120,91.1351
16,2048,372,122,81.1095
16,2048,372,124,92.3166
16,2048,372,126,93.8019
16,2048,372,128,93.6421
16,2048,372,130,90.1482
16,2048,372,132,92.267
16,2048,372,134,93.0806
16,2048,372,136,91.7208
16,2048,372,138,91.2797
16,2048,372,140,89.6459
16,2048,372,142,89.957
16,2048,372,144,93.4054
16,2048,372,146,88.1427
16,2048,372,148,90.7393
16,2048,372,150,89.8436
16,2048,372,152,88.4513
16,2048,372,154,91.0716
16,2048,372,156,93.4548
16,2048,372,158,90.6112
16,2048,372,160,82.0777
16,2048,372,162,87.2361
16,2048,372,164,82.1319
16,2048,372,166,81.1323
16,2048,372,168,82.2345
16,2048,372,170,76.2922
16,2048,372,172,83.2694
16,2048,372,174,78.4757
16,2048,372,176,75.5402
16,2048,372,178,78.7214
16,2048,372,180,86.5044
16,2048,372,182,74.2636
16,2048,372,184,80.4394
16,2048,372,186,82.248
16,2048,372,188,79.7894
16,2048,372,190,78.7182
16,2048,372,192,74.1537
16,2048,372,194,77.1836
16,2048,372,196,77.5258
16,2048,372,198,71.7965
16,2048,372,200,85.2395
16,2048,372,202,80.1753
16,2048,372,204,75.0673
16,2048,372,206,69.8218
16,2048,372,208,77.0044
16,2048,372,210,80.5253
16,2048,372,212,77.5972
16,2048,372,214,74.5445
16,2048,372,216,69.667
16,2048,372,218,80.4808
16,2048,372,220,76.5368
16,2048,372,222,76.3995
16,2048,372,224,77.4241
16,2048,372,226,76.6539
16,2048,372,228,75.6132
16,2048,372,230,72.763
16,2048,372,232,78.1603
16,2048,372,234,76.6296
16,2048,372,236,75.6139
16,2048,372,238,70.5867
16,2048,372,240,77.4081
16,2048,372,242,73.7384
16,2048,372,244,75.6067
16,2048,372,246,72.0411
16,2048,372,248,71.5743
16,2048,372,250,79.6373
16,2048,372,252,74.1298
16,2048,372,254,68.2498
16,2048,372,256,76.5901
16,2048,372,258,66.1322
16,2048,372,260,72.4524
16,2048,372,262,74.2438
16,2048,372,264,74.3928
16,2048,372,266,71.7913
16,2048,372,268,67.7653
16,2048,372,270,66.6041
16,2048,372,272,69.3335
16,2048,372,274,71.6037
16,2048,372,276,71.5532
16,2048,372,278,70.0075
16,2048,372,280,68.6325
16,2048,372,282,68.7323
16,2048,372,284,66.0004
16,2048,372,286,70.9574
16,2048,372,288,65.0128
16,2048,372,290,67.9979
16,2048,372,292,63.8444
16,2048,372,294,65.6206
16,2048,372,296,65.3033
16,2048,372,298,69.1656
16,2048,372,300,74.6909
16,2048,372,302,69.4992
16,2048,372,304,69.7272
16,2048,372,306,67.226
16,2048,372,308,69.8425
16,2048,372,310,64.6524
16,2048,372,312,65.9955
16,2048,372,314,60.6875
16,2048,372,316,62.1296
16,2048,372,318,62.9061
16,2048,372,320,63.6122
16,2048,372,322,68.0742
16,2048,372,324,63.4625
16,2048,372,326,60.2564
16,2048,372,328,64.036
16,2048,372,330,67.6456
16,2048,372,332,58.9794
16,2048,372,334,65.1051
16,2048,372,336,61.0789
16,2048,372,338,61.2466
16,2048,372,340,58.2081
16,2048,372,342,58.1001
16,2048,372,344,57.3932
16,2048,372,346,58.7496
16,2048,372,348,59.8747
16,2048,372,350,59.0408
16,2048,372,352,60.7663
16,2048,372,354,59.5201
16,2048,372,356,56.2538
16,2048,372,358,54.4187
16,2048,372,360,58.9182
16,2048,372,362,56.8586
16,2048,372,364,54.7089
16,2048,372,366,54.1642
16,2048,372,368,56.7023
16,2048,372,370,56.8047
16,2048,374,2,49.5656
16,2048,374,4,69.3033
16,2048,374,6,67.2503
16,2048,374,8,77.9052
16,2048,374,10,69.8546
16,2048,374,12,98.3383
16,2048,374,14,82.3179
16,2048,374,16,93.3222
16,2048,374,18,93.2038
16,2048,374,20,90.2118
16,2048,374,22,77.9075
16,2048,374,24,104.605
16,2048,374,26,101.5271
16,2048,374,28,98.6763
16,2048,374,30,94.5705
16,2048,374,32,100.1441
16,2048,374,34,85.9403
16,2048,374,36,108.8987
16,2048,374,38,107.3382
16,2048,374,40,107.275
16,2048,374,42,97.3763
16,2048,374,44,98.6936
16,2048,374,46,96.2081
16,2048,374,48,105.1126
16,2048,374,50,111.4867
16,2048,374,52,102.3166
16,2048,374,54,96.4174
16,2048,374,56,101.559
16,2048,374,58,93.0017
16,2048,374,60,97.4032
16,2048,374,62,98.282
16,2048,374,64,101.4343
16,2048,374,66,98.1518
16,2048,374,68,96.4623
16,2048,374,70,99.6664
16,2048,374,72,92.2412
16,2048,374,74,95.0494
16,2048,374,76,90.5154
16,2048,374,78,92.8087
16,2048,374,80,104.073
16,2048,374,82,109.3047
16,2048,374,84,109.6074
16,2048,374,86,111.918
16,2048,374,88,105.9075
16,2048,374,90,90.8558
16,2048,374,92,88.209
16,2048,374,94,92.0922
16,2048,374,96,95.3703
16,2048,374,98,89.975
16,2048,374,100,98.1959
16,2048,374,102,92.4066
16,2048,374,104,87.8914
16,2048,374,106,96.6735
16,2048,374,108,100.0685
16,2048,374,110,90.4778
16,2048,374,112,100.0279
16,2048,374,114,90.51
16,2048,374,116,91.2387
16,2048,374,118,86.676
16,2048,374,120,99.6329
16,2048,374,122,86.3611
16,2048,374,124,90.436
16,2048,374,126,88.9658
16,2048,374,128,89.4365
16,2048,374,130,89.8922
16,2048,374,132,90.127
16,2048,374,134,93.6158
16,2048,374,136,89.3282
16,2048,374,138,87.3417
16,2048,374,140,80.8438
16,2048,374,142,86.0092
16,2048,374,144,91.4958
16,2048,374,146,86.1209
16,2048,374,148,89.452
16,2048,374,150,89.1757
16,2048,374,152,86.1742
16,2048,374,154,86.3884
16,2048,374,156,81.7916
16,2048,374,158,92.5727
16,2048,374,160,83.7475
16,2048,374,162,78.9744
16,2048,374,164,83.1943
16,2048,374,166,82.5303
16,2048,374,168,83.8323
16,2048,374,170,81.027
16,2048,374,172,81.6548
16,2048,374,174,83.4337
16,2048,374,176,78.5454
16,2048,374,178,84.3135
16,2048,374,180,74.0379
16,2048,374,182,83.9502
16,2048,374,184,77.2871
16,2048,374,186,84.8886
16,2048,374,188,69.6098
16,2048,374,190,73.8315
16,2048,374,192,77.8736
16,2048,374,194,75.927
16,2048,374,196,77.324
16,2048,374,198,72.1941
16,2048,374,200,73.9688
16,2048,374,202,77.8373
16,2048,374,204,75.4372
16,2048,374,206,73.3015
16,2048,374,208,77.5659
16,2048,374,210,70.343
16,2048,374,212,75.7274
16,2048,374,214,80.7864
16,2048,374,216,78.5721
16,2048,374,218,72.459
16,2048,374,220,78.0535
16,2048,374,222,71.6704
16,2048,374,224,74.655
16,2048,374,226,72.7247
16,2048,374,228,77.8577
16,2048,374,230,71.5033
16,2048,374,232,69.9292
16,2048,374,234,71.9431
16,2048,374,236,77.2856
16,2048,374,238,73.0524
16,2048,374,240,74.3876
16,2048,374,242,73.6672
16,2048,374,244,72.6435
16,2048,374,246,72.5027
16,2048,374,248,73.0524
16,2048,374,250,71.6049
16,2048,374,252,70.1002
16,2048,374,254,71.84
16,2048,374,256,68.6576
16,2048,374,258,68.0886
16,2048,374,260,72.5384
16,2048,374,262,72.4998
16,2048,374,264,75.2435
16,2048,374,266,70.2899
16,2048,374,268,71.0208
16,2048,374,270,72.0216
16,2048,374,272,69.1455
16,2048,374,274,73.4361
16,2048,374,276,70.1279
16,2048,374,278,71.8211
16,2048,374,280,68.3452
16,2048,374,282,65.2449
16,2048,374,284,64.5665
16,2048,374,286,65.4253
16,2048,374,288,63.8248
16,2048,374,290,71.3095
16,2048,374,292,60.965
16,2048,374,294,68.1223
16,2048,374,296,67.2304
16,2048,374,298,69.383
16,2048,374,300,66.3811
16,2048,374,302,65.4731
16,2048,374,304,64.3585
16,2048,374,306,64.4123
16,2048,374,308,66.3661
16,2048,374,310,69.01
16,2048,374,312,62.8292
16,2048,374,314,62.5099
16,2048,374,316,63.3203
16,2048,374,318,60.8806
16,2048,374,320,64.8272
16,2048,374,322,55.1997
16,2048,374,324,64.0245
16,2048,374,326,61.2922
16,2048,374,328,59.6898
16,2048,374,330,62.0083
16,2048,374,332,61.7276
16,2048,374,334,60.2736
16,2048,374,336,60.3179
16,2048,374,338,61.8224
16,2048,374,340,64.3258
16,2048,374,342,61.9012
16,2048,374,344,59.937
16,2048,374,346,62.9087
16,2048,374,348,62.9912
16,2048,374,350,60.7557
16,2048,374,352,58.7829
16,2048,374,354,55.6862
16,2048,374,356,57.7029
16,2048,374,358,59.0625
16,2048,374,360,58.8444
16,2048,374,362,57.3041
16,2048,374,364,54.8776
16,2048,374,366,52.9241
16,2048,374,368,58.3525
16,2048,374,370,57.8532
16,2048,374,372,52.8048
16,2048,376,2,49.9256
16,2048,376,4,61.2169
16,2048,376,6,64.058
16,2048,376,8,70.4937
16,2048,376,10,70.6445
16,2048,376,12,103.1247
16,2048,376,14,97.75
16,2048,376,16,90.6056
16,2048,376,18,89.1257
16,2048,376,20,84.7371
16,2048,376,22,81.344
16,2048,376,24,107.7111
16,2048,376,26,102.566
16,2048,376,28,99.9356
16,2048,376,30,98.9355
16,2048,376,32,97.699
16,2048,376,34,83.5241
16,2048,376,36,119.3025
16,2048,376,38,98.7968
16,2048,376,40,109.1475
16,2048,376,42,92.551
16,2048,376,44,97.7677
16,2048,376,46,90.9205
16,2048,376,48,99.8207
16,2048,376,50,104.6592
16,2048,376,52,100.9211
16,2048,376,54,107.5295
16,2048,376,56,100.3856
16,2048,376,58,93.3583
16,2048,376,60,101.5505
16,2048,376,62,101.2768
16,2048,376,64,101.7997
16,2048,376,66,100.294
16,2048,376,68,91.8714
16,2048,376,70,93.8443
16,2048,376,72,107.3717
16,2048,376,74,101.831
16,2048,376,76,98.4082
16,2048,376,78,100.8395
16,2048,376,80,102.1089
16,2048,376,82,92.8222
16,2048,376,84,91.0255
16,2048,376,86,103.2289
16,2048,376,88,96.8826
16,2048,376,90,91.1099
16,2048,376,92,95.8036
16,2048,376,94,97.4687
16,2048,376,96,101.7931
16,2048,376,98,92.7907
16,2048,376,100,92.9088
16,2048,376,102,93.4607
16,2048,376,104,91.2447
16,2048,376,106,93.3362
16,2048,376,108,90.064
16,2048,376,110,96.8103
16,2048,376,112,87.9923
16,2048,376,114,95.1412
16,2048,376,116,99.2469
16,2048,376,118,98.1042
16,2048,376,120,89.0104
16,2048,376,122,94.4214
16,2048,376,124,85.5798
16,2048,376,126,91.5179
16,2048,376,128,88.8226
16,2048,376,130,80.6697
16,2048,376,132,89.1819
16,2048,376,134,93.4444
16,2048,376,136,93.1309
16,2048,376,138,83.7214
16,2048,376,140,79.6372
16,2048,376,142,85.9064
16,2048,376,144,95.1476
16,2048,376,146,86.7624
16,2048,376,148,84.8598
16,2048,376,150,88.3254
16,2048,376,152,91.4481
16,2048,376,154,84.237
16,2048,376,156,87.0605
16,2048,376,158,81.6527
16,2048,376,160,88.032
16,2048,376,162,88.6968
16,2048,376,164,86.9362
16,2048,376,166,80.328
16,2048,376,168,92.8908
16,2048,376,170,82.6989
16,2048,376,172,88.6809
16,2048,376,174,79.1186
16,2048,376,176,82.7744
16,2048,376,178,83.6865
16,2048,376,180,77.6008
16,2048,376,182,83.1147
16,2048,376,184,73.7849
16,2048,376,186,79.8208
16,2048,376,188,76.2974
16,2048,376,190,75.4566
16,2048,376,192,81.4104
16,2048,376,194,79.4174
16,2048,376,196,73.3194
16,2048,376,198,76.3859
16,2048,376,200,83.0916
16,2048,376,202,78.7953
16,2048,376,204,73.7044
16,2048,376,206,77.5905
16,2048,376,208,78.5674
16,2048,376,210,68.283
16,2048,376,212,70.6772
16,2048,376,214,78.8905
16,2048,376,216,76.141
16,2048,376,218,84.0513
16,2048,376,220,78.9424
16,2048,376,222,73.2684
16,2048,376,224,77.4728
16,2048,376,226,77.9089
16,2048,376,228,76.2222
16,2048,376,230,73.3474
16,2048,376,232,78.0099
16,2048,376,234,72.2041
16,2048,376,236,70.0121
16,2048,376,238,73.1147
16,2048,376,240,77.9252
16,2048,376,242,67.5617
16,2048,376,244,69.2497
16,2048,376,246,75.4867
16,2048,376,248,68.6855
16,2048,376,250,73.3705
16,2048,376,252,73.3907
16,2048,376,254,73.0806
16,2048,376,256,76.5955
16,2048,376,258,66.4613
16,2048,376,260,70.1986
16,2048,376,262,72.1209
16,2048,376,264,68.4976
16,2048,376,266,67.7696
16,2048,376,268,78.4122
16,2048,376,270,69.6526
16,2048,376,272,64.797
16,2048,376,274,76.839
16,2048,376,276,77.3697
16,2048,376,278,72.333
16,2048,376,280,68.4847
16,2048,376,282,65.6888
16,2048,376,284,62.0541
16,2048,376,286,65.306
16,2048,376,288,68.082
16,2048,376,290,73.7921
16,2048,376,292,69.085
16,2048,376,294,68.1018
16,2048,376,296,69.6687
16,2048,376,298,64.0147
16,2048,376,300,65.5677
16,2048,376,302,64.9237
16,2048,376,304,70.8895
16,2048,376,306,64.6412
16,2048,376,308,63.4816
16,2048,376,310,61.099
16,2048,376,312,61.1523
16,2048,376,314,65.9974
16,2048,376,316,60.5705
16,2048,376,318,64.4686
16,2048,376,320,65.6646
16,2048,376,322,61.9473
16,2048,376,324,66.7571
16,2048,376,326,63.2518
16,2048,376,328,64.9599
16,2048,376,330,53.3013
16,2048,376,332,62.4687
16,2048,376,334,63.2382
16,2048,376,336,62.9325
16,2048,376,338,59.1141
16,2048,376,340,61.0401
16,2048,376,342,60.1895
16,2048,376,344,61.7862
16,2048,376,346,56.7591
16,2048,376,348,60.7621
16,2048,376,350,58.1915
16,2048,376,352,59.6472
16,2048,376,354,56.1556
16,2048,376,356,53.2557
16,2048,376,358,60.0741
16,2048,376,360,57.7842
16,2048,376,362,56.6484
16,2048,376,364,59.8487
16,2048,376,366,54.497
16,2048,376,368,53.8672
16,2048,376,370,55.7266
16,2048,376,372,52.7043
16,2048,376,374,55.804
16,2048,378,2,48.019
16,2048,378,4,61.6703
16,2048,378,6,66.1363
16,2048,378,8,70.5521
16,2048,378,10,66.2829
16,2048,378,12,95.2836
16,2048,378,14,87.8935
16,2048,378,16,90.6685
16,2048,378,18,84.899
16,2048,378,20,88.0144
16,2048,378,22,80.518
16,2048,378,24,108.4035
16,2048,378,26,99.3817
16,2048,378,28,103.4015
16,2048,378,30,85.3278
16,2048,378,32,97.4019
16,2048,378,34,95.9184
16,2048,378,36,106.3574
16,2048,378,38,107.5758
16,2048,378,40,110.2961
16,2048,378,42,100.0277
16,2048,378,44,98.3168
16,2048,378,46,89.6654
16,2048,378,48,107.0171
16,2048,378,50,99.5217
16,2048,378,52,95.3572
16,2048,378,54,98.4812
16,2048,378,56,94.0767
16,2048,378,58,94.5142
16,2048,378,60,102.2579
16,2048,378,62,99.9217
16,2048,378,64,99.823
16,2048,378,66,100.0925
16,2048,378,68,91.667
16,2048,378,70,96.0619
16,2048,378,72,97.4857
16,2048,378,74,100.4836
16,2048,378,76,101.8876
16,2048,378,78,95.6562
16,2048,378,80,89.0245
16,2048,378,82,95.7207
16,2048,378,84,88.3531
16,2048,378,86,94.5574
16,2048,378,88,105.2099
16,2048,378,90,92.3356
16,2048,378,92,84.7718
16,2048,378,94,94.0042
16,2048,378,96,98.6961
16,2048,378,98,88.9882
16,2048,378,100,98.3497
16,2048,378,102,92.5809
16,2048,378,104,90.9511
16,2048,378,106,88.0084
16,2048,378,108,85.2241
16,2048,378,110,94.6768
16,2048,378,112,88.6301
16,2048,378,114,95.0416
16,2048,378,116,85.9677
16,2048,378,118,84.8272
16,2048,378,120,90.0788
16,2048,378,122,94.1607
16,2048,378,124,84.591
16,2048,378,126,80.2814
16,2048,378,128,91.9921
16,2048,378,130,93.1731
16,2048,378,132,79.2546
16,2048,378,134,81.3346
16,2048,378,136,88.6033
16,2048,378,138,90.1676
16,2048,378,140,88.8536
16,2048,378,142,86.852
16,2048,378,144,95.6661
16,2048,378,146,79.5091
16,2048,378,148,88.8182
16,2048,378,150,87.6322
16,2048,378,152,83.8402
16,2048,378,154,83.2339
16,2048,378,156,83.6339
16,2048,378,158,89.6764
16,2048,378,160,84.4647
16,2048,378,162,81.7051
16,2048,378,164,79.9077
16,2048,378,166,83.3795
16,2048,378,168,88.2189
16,2048,378,170,79.8533
16,2048,378,172,75.5827
16,2048,378,174,80.0126
16,2048,378,176,83.3421
16,2048,378,178,79.1091
16,2048,378,180,75.3476
16,2048,378,182,76.9189
16,2048,378,184,75.4452
16,2048,378,186,75.7029
16,2048,378,188,72.3441
16,2048,378,190,77.1744
16,2048,378,192,72.2379
16,2048,378,194,66.9155
16,2048,378,196,77.8115
16,2048,378,198,77.2561
16,2048,378,200,78.3185
16,2048,378,202,71.7323
16,2048,378,204,75.3826
16,2048,378,206,78.0951
16,2048,378,208,79.1389
16,2048,378,210,73.5763
16,2048,378,212,77.3249
16,2048,378,214,75.0537
16,2048,378,216,77.4784
16,2048,378,218,74.0876
16,2048,378,220,76.4962
16,2048,378,222,73.1768
16,2048,378,224,75.0561
16,2048,378,226,72.4664
16,2048,378,228,68.3257
16,2048,378,230,73.8581
16,2048,378,232,79.9384
16,2048,378,234,71.9841
16,2048,378,236,70.0125
16,2048,378,238,75.3304
16,2048,378,240,72.6251
16,2048,378,242,76.0904
16,2048,378,244,65.1104
16,2048,378,246,73.967
16,2048,378,248,75.2567
16,2048,378,250,65.7515
16,2048,378,252,73.9355
16,2048,378,254,62.3414
16,2048,378,256,68.5622
16,2048,378,258,68.2286
16,2048,378,260,68.7318
16,2048,378,262,74.0771
16,2048,378,264,71.4872
16,2048,378,266,75.1152
16,2048,378,268,70.1297
16,2048,378,270,65.3003
16,2048,378,272,66.8916
16,2048,378,274,65.8498
16,2048,378,276,64.3695
16,2048,378,278,64.0496
16,2048,378,280,69.3172
16,2048,378,282,69.2965
16,2048,378,284,67.0967
16,2048,378,286,67.2041
16,2048,378,288,64.6243
16,2048,378,290,73.8259
16,2048,378,292,69.4278
16,2048,378,294,67.8553
16,2048,378,296,65.3153
16,2048,378,298,63.4897
16,2048,378,300,65.5907
16,2048,378,302,62.287
16,2048,378,304,67.4351
16,2048,378,306,67.6751
16,2048,378,308,64.5351
16,2048,378,310,68.032
16,2048,378,312,60.9563
16,2048,378,314,62.1027
16,2048,378,316,65.4181
16,2048,378,318,67.9042
16,2048,378,320,61.7778
16,2048,378,322,63.3761
16,2048,378,324,62.2329
16,2048,378,326,57.7751
16,2048,378,328,63.2568
16,2048,378,330,64.1119
16,2048,378,332,61.9436
16,2048,378,334,64.6869
16,2048,378,336,60.2228
16,2048,378,338,64.9793
16,2048,378,340,56.7128
16,2048,378,342,60.2263
16,2048,378,344,60.5918
16,2048,378,346,56.6307
16,2048,378,348,60.5265
16,2048,378,350,58.4254
16,2048,378,352,57.8137
16,2048,378,354,56.7326
16,2048,378,356,55.7468
16,2048,378,358,57.3339
16,2048,378,360,57.7552
16,2048,378,362,56.7863
16,2048,378,364,53.2248
16,2048,378,366,56.4963
16,2048,378,368,51.9328
16,2048,378,370,51.5289
16,2048,378,372,54.3028
16,2048,378,374,55.7257
16,2048,378,376,54.1293
16,2048,380,2,52.5484
16,2048,380,4,59.3833
16,2048,380,6,67.8315
16,2048,380,8,74.9606
16,2048,380,10,71.9997
16,2048,380,12,99.5021
16,2048,380,14,87.3474
16,2048,380,16,84.1244
16,2048,380,18,79.9106
16,2048,380,20,86.1842
16,2048,380,22,86.5736
16,2048,380,24,103.8434
16,2048,380,26,95.9437
16,2048,380,28,98.8392
16,2048,380,30,88.5507
16,2048,380,32,91.7304
16,2048,380,34,90.856
16,2048,380,36,106.3762
16,2048,380,38,106.533
16,2048,380,40,101.4583
16,2048,380,42,100.2685
16,2048,380,44,97.3841
16,2048,380,46,88.4036
16,2048,380,48,98.4862
16,2048,380,50,104.982
16,2048,380,52,97.2274
16,2048,380,54,95.8232
16,2048,380,56,105.0632
16,2048,380,58,94.3726
16,2048,380,60,102.3287
16,2048,380,62,94.9948
16,2048,380,64,93.9592
16,2048,380,66,92.4922
16,2048,380,68,86.6947
16,2048,380,70,97.2403
16,2048,380,72,95.073
16,2048,380,74,89.979
16,2048,380,76,90.7684
16,2048,380,78,93.4697
16,2048,380,80,89.8707
16,2048,380,82,92.0535
16,2048,380,84,109.7559
16,2048,380,86,101.8102
16,2048,380,88,92.8419
16,2048,380,90,99.8584
16,2048,380,92,99.453
16,2048,380,94,92.3762
16,2048,380,96,89.4787
16,2048,380,98,99.2544
16,2048,380,100,92.9029
16,2048,380,102,86.5191
16,2048,380,104,93.9739
16,2048,380,106,86.0895
16,2048,380,108,97.2271
16,2048,380,110,101.7477
16,2048,380,112,88.1197
16,2048,380,114,80.8036
16,2048,380,116,85.6681
16,2048,380,118,86.6615
16,2048,380,120,96.5147
16,2048,380,122,81.8843
16,2048,380,124,83.4119
16,2048,380,126,96.0112
16,2048,380,128,90.3145
16,2048,380,130,82.9249
16,2048,380,132,91.4673
16,2048,380,134,83.8847
16,2048,380,136,80.839
16,2048,380,138,89.5539
16,2048,380,140,90.0126
16,2048,380,142,89.635
16,2048,380,144,78.7567
16,2048,380,146,91.145
16,2048,380,148,81.257
16,2048,380,150,90.6957
16,2048,380,152,84.8373
16,2048,380,154,85.4408
16,2048,380,156,75.2499
16,2048,380,158,84.8156
16,2048,380,160,88.9024
16,2048,380,162,75.7767
16,2048,380,164,83.8845
16,2048,380,166,83.1242
16,2048,380,168,83.5531
16,2048,380,170,73.3493
16,2048,380,172,80.8488
16,2048,380,174,79.3549
16,2048,380,176,71.5827
16,2048,380,178,74.8152
16,2048,380,180,75.9549
16,2048,380,182,73.1804
16,2048,380,184,76.0396
16,2048,380,186,70.9447
16,2048,380,188,72.3216
16,2048,380,190,74.6959
16,2048,380,192,78.2264
16,2048,380,194,71.4357
16,2048,380,196,75.5676
16,2048,380,198,73.7977
16,2048,380,200,79.5564
16,2048,380,202,74.9214
16,2048,380,204,77.347
16,2048,380,206,72.3763
16,2048,380,208,75.8038
16,2048,380,210,74.9173
16,2048,380,212,71.5271
16,2048,380,214,78.0268
16,2048,380,216,66.428
16,2048,380,218,72.341
16,2048,380,220,72.6572
16,2048,380,222,76.5557
16,2048,380,224,74.7226
16,2048,380,226,69.899
16,2048,380,228,69.097
16,2048,380,230,69.5098
16,2048,380,232,75.6944
16,2048,380,234,72.863
16,2048,380,236,71.0686
16,2048,380,238,74.1612
16,2048,380,240,67.9862
16,2048,380,242,69.0553
16,2048,380,244,76.2539
16,2048,380,246,75.432
16,2048,380,248,71.6822
16,2048,380,250,67.1824
16,2048,380,252,68.4093
16,2048,380,254,72.8654
16,2048,380,256,72.9216
16,2048,380,258,72.4201
16,2048,380,260,71.2713
16,2048,380,262,71.5678
16,2048,380,264,68.2845
16,2048,380,266,65.7799
16,2048,380,268,64.2889
16,2048,380,270,66.7412
16,2048,380,272,70.3293
16,2048,380,274,68.0253
16,2048,380,276,67.2511
16,2048,380,278,65.8145
16,2048,380,280,67.6277
16,2048,380,282,62.6786
16,2048,380,284,68.9057
16,2048,380,286,65.713
16,2048,380,288,65.0784
16,2048,380,290,69.4168
16,2048,380,292,63.9256
16,2048,380,294,61.1304
16,2048,380,296,62.615
16,2048,380,298,62.2998
16,2048,380,300,65.4276
16,2048,380,302,65.3064
16,2048,380,304,67.9772
16,2048,380,306,65.9479
16,2048,380,308,60.4977
16,2048,380,310,64.2995
16,2048,380,312,61.5792
16,2048,380,314,64.1905
16,2048,380,316,63.2262
16,2048,380,318,59.5366
16,2048,380,320,62.0408
16,2048,380,322,63.6047
16,2048,380,324,62.3122
16,2048,380,326,64.137
16,2048,380,328,60.8215
16,2048,380,330,60.0457
16,2048,380,332,61.0596
16,2048,380,334,57.7728
16,2048,380,336,59.0647
16,2048,380,338,58.1954
16,2048,380,340,60.1967
16,2048,380,342,58.7513
16,2048,380,344,60.4421
16,2048,380,346,57.0195
16,2048,380,348,59.7785
16,2048,380,350,60.2757
16,2048,380,352,58.1491
16,2048,380,354,59.0901
16,2048,380,356,59.6822
16,2048,380,358,55.2184
16,2048,380,360,55.8539
16,2048,380,362,52.7292
16,2048,380,364,54.232
16,2048,380,366,53.7132
16,2048,380,368,55.0283
16,2048,380,370,53.1688
16,2048,380,372,54.1989
16,2048,380,374,54.9236
16,2048,380,376,53.7777
16,2048,380,378,54.2259
16,2048,382,2,48.4831
16,2048,382,4,66.8451
16,2048,382,6,59.3738
16,2048,382,8,70.5065
16,2048,382,10,68.366
16,2048,382,12,96.0921
16,2048,382,14,83.1716
16,2048,382,16,88.3398
16,2048,382,18,79.5902
16,2048,382,20,84.4343
16,2048,382,22,84.4208
16,2048,382,24,96.6154
16,2048,382,26,101.7487
16,2048,382,28,95.5327
16,2048,382,30,89.7186
16,2048,382,32,94.9896
16,2048,382,34,85.7543
16,2048,382,36,104.2676
16,2048,382,38,102.7059
16,2048,382,40,100.5826
16,2048,382,42,93.8613
16,2048,382,44,96.1605
16,2048,382,46,91.5554
16,2048,382,48,100.3207
16,2048,382,50,95.1498
16,2048,382,52,103.785
16,2048,382,54,87.4439
16,2048,382,56,98.2728
16,2048,382,58,100.7678
16,2048,382,60,97.8132
16,2048,382,62,88.3057
16,2048,382,64,95.167
16,2048,382,66,103.679
16,2048,382,68,99.9264
16,2048,382,70,92.9001
16,2048,382,72,93.1842
16,2048,382,74,92.7903
16,2048,382,76,93.0596
16,2048,382,78,90.6303
16,2048,382,80,100.4357
16,2048,382,82,93.427
16,2048,382,84,101.4434
16,2048,382,86,98.3124
16,2048,382,88,92.5898
16,2048,382,90,105.7952
16,2048,382,92,94.4532
16,2048,382,94,91.568
16,2048,382,96,101.4852
16,2048,382,98,87.904
16,2048,382,100,99.7055
16,2048,382,102,98.98
16,2048,382,104,94.892
16,2048,382,106,94.2365
16,2048,382,108,95.6198
16,2048,382,110,88.8578
16,2048,382,112,86.338
16,2048,382,114,86.6926
16,2048,382,116,83.8774
16,2048,382,118,89.2004
16,2048,382,120,78.7262
16,2048,382,122,85.4828
16,2048,382,124,88.237
16,2048,382,126,91.3934
16,2048,382,128,84.8508
16,2048,382,130,85.4496
16,2048,382,132,92.9583
16,2048,382,134,89.7278
16,2048,382,136,85.9792
16,2048,382,138,84.6223
16,2048,382,140,78.8904
16,2048,382,142,82.4709
16,2048,382,144,82.3707
16,2048,382,146,81.8024
16,2048,382,148,88.1062
16,2048,382,150,92.7477
16,2048,382,152,82.0043
16,2048,382,154,86.4212
16,2048,382,156,84.1241
16,2048,382,158,81.8299
16,2048,382,160,88.3578
16,2048,382,162,80.8365
16,2048,382,164,78.4488
16,2048,382,166,74.0927
16,2048,382,168,84.0446
16,2048,382,170,77.1487
16,2048,382,172,71.4541
16,2048,382,174,78.0475
16,2048,382,176,71.9945
16,2048,382,178,77.8347
16,2048,382,180,71.9781
16,2048,382,182,82.48
16,2048,382,184,72.9277
16,2048,382,186,73.2891
16,2048,382,188,75.3093
16,2048,382,190,74.0347
16,2048,382,192,78.5569
16,2048,382,194,71.446
16,2048,382,196,69.1792
16,2048,382,198,74.1474
16,2048,382,200,72.3326
16,2048,382,202,75.5663
16,2048,382,204,68.7913
16,2048,382,206,72.7312
16,2048,382,208,77.1572
16,2048,382,210,81.3492
16,2048,382,212,72.7309
16,2048,382,214,72.9048
16,2048,382,216,79.0928
16,2048,382,218,71.8413
16,2048,382,220,74.9799
16,2048,382,222,72.1109
16,2048,382,224,77.0091
16,2048,382,226,64.3877
16,2048,382,228,69.0562
16,2048,382,230,65.3451
16,2048,382,232,69.9128
16,2048,382,234,71.4822
16,2048,382,236,71.6625
16,2048,382,238,71.7002
16,2048,382,240,77.0079
16,2048,382,242,70.0789
16,2048,382,244,67.2564
16,2048,382,246,69.5769
16,2048,382,248,71.3324
16,2048,382,250,69.6721
16,2048,382,252,67.4452
16,2048,382,254,71.4434
16,2048,382,256,65.8894
16,2048,382,258,71.6923
16,2048,382,260,75.1053
16,2048,382,262,69.1678
16,2048,382,264,67.8882
16,2048,382,266,75.8132
16,2048,382,268,73.245
16,2048,382,270,66.5827
16,2048,382,272,68.0734
16,2048,382,274,70.6187
16,2048,382,276,66.7597
16,2048,382,278,67.9431
16,2048,382,280,65.9719
16,2048,382,282,66.6313
16,2048,382,284,70.6155
16,2048,382,286,66.2819
16,2048,382,288,69.3379
16,2048,382,290,69.4834
16,2048,382,292,68.4045
16,2048,382,294,62.8206
16,2048,382,296,62.5497
16,2048,382,298,65.6552
16,2048,382,300,64.4866
16,2048,382,302,62.8613
16,2048,382,304,62.6793
16,2048,382,306,64.9024
16,2048,382,308,63.4089
16,2048,382,310,66.264
16,2048,382,312,61.4123
16,2048,382,314,66.6324
16,2048,382,316,59.856
16,2048,382,318,66.0769
16,2048,382,320,59.043
16,2048,382,322,62.4548
16,2048,382,324,62.6759
16,2048,382,326,61.8093
16,2048,382,328,62.2433
16,2048,382,330,64.6582
16,2048,382,332,59.3953
16,2048,382,334,57.8764
16,2048,382,336,60.1835
16,2048,382,338,55.6406
16,2048,382,340,59.9852
16,2048,382,342,55.2023
16,2048,382,344,59.7764
16,2048,382,346,55.5949
16,2048,382,348,56.4784
16,2048,382,350,54.1818
16,2048,382,352,56.5577
16,2048,382,354,57.5167
16,2048,382,356,57.4187
16,2048,382,358,56.2404
16,2048,382,360,53.9741
16,2048,382,362,56.8281
16,2048,382,364,54.1311
16,2048,382,366,52.9437
16,2048,382,368,55.4106
16,2048,382,370,52.8629
16,2048,382,372,52.5714
16,2048,382,374,55.3441
16,2048,382,376,56.3978
16,2048,382,378,56.3385
16,2048,382,380,51.8991
16,2048,384,2,51.0754
16,2048,384,4,57.9619
16,2048,384,6,70.1335
16,2048,384,8,66.526
16,2048,384,10,65.4755
16,2048,384,12,97.2252
16,2048,384,14,91.961
16,2048,384,16,91.5451
16,2048,384,18,88.4767
16,2048,384,20,80.7279
16,2048,384,22,80.1476
16,2048,384,24,111.5668
16,2048,384,26,96.7615
16,2048,384,28,96.6994
16,2048,384,30,97.7843
16,2048,384,32,98.3159
16,2048,384,34,90.9927
16,2048,384,36,110.4576
16,2048,384,38,96.9611
16,2048,384,40,98.2263
16,2048,384,42,100.8828
16,2048,384,44,95.3852
16,2048,384,46,99.2247
16,2048,384,48,104.0645
16,2048,384,50,94.8867
16,2048,384,52,96.8001
16,2048,384,54,99.7985
16,2048,384,56,92.1314
16,2048,384,58,90.5598
16,2048,384,60,104.2848
16,2048,384,62,95.719
16,2048,384,64,91.2419
16,2048,384,66,99.6677
16,2048,384,68,101.8489
16,2048,384,70,98.8839
16,2048,384,72,95.1562
16,2048,384,74,87.7009
16,2048,384,76,100.8935
16,2048,384,78,88.8101
16,2048,384,80,91.8551
16,2048,384,82,94.717
16,2048,384,84,95.1996
16,2048,384,86,89.9583
16,2048,384,88,94.0249
16,2048,384,90,84.7479
16,2048,384,92,95.7114
16,2048,384,94,95.2266
16,2048,384,96,96.4806
16,2048,384,98,90.1398
16,2048,384,100,92.2086
16,2048,384,102,91.0113
16,2048,384,104,90.5875
16,2048,384,106,93.5394
16,2048,384,108,97.7572
16,2048,384,110,88.73
16,2048,384,112,86.3852
16,2048,384,114,94.1621
16,2048,384,116,90.3297
16,2048,384,118,89.7651
16,2048,384,120,91.5553
16,2048,384,122,86.0385
16,2048,384,124,87.9908
16,2048,384,126,90.6176
16,2048,384,128,88.6245
16,2048,384,130,84.7341
16,2048,384,132,93.0192
16,2048,384,134,88.4419
16,2048,384,136,75.9191
16,2048,384,138,86.2437
16,2048,384,140,86.3874
16,2048,384,142,83.6803
16,2048,384,144,81.8907
16,2048,384,146,81.7149
16,2048,384,148,78.7286
16,2048,384,150,82.303
16,2048,384,152,77.7855
16,2048,384,154,85.0067
16,2048,384,156,89.5734
16,2048,384,158,75.9782
16,2048,384,160,79.6454
16,2048,384,162,78.6723
16,2048,384,164,75.9172
16,2048,384,166,73.4991
16,2048,384,168,85.2803
16,2048,384,170,78.7845
16,2048,384,172,78.8089
16,2048,384,174,75.5355
16,2048,384,176,73.5312
16,2048,384,178,75.3598
16,2048,384,180,76.7226
16,2048,384,182,78.6906
16,2048,384,184,77.5318
16,2048,384,186,72.6415
16,2048,384,188,70.3296
16,2048,384,190,69.003
16,2048,384,192,73.2437
16,2048,384,194,77.9074
16,2048,384,196,76.0549
16,2048,384,198,73.5224
16,2048,384,200,75.8505
16,2048,384,202,77.7245
16,2048,384,204,75.2948
16,2048,384,206,71.9248
16,2048,384,208,76.6849
16,2048,384,210,68.5235
16,2048,384,212,76.7689
16,2048,384,214,76.6248
16,2048,384,216,74.4125
16,2048,384,218,78.6503
16,2048,384,220,72.7262
16,2048,384,222,72.565
16,2048,384,224,74.8975
16,2048,384,226,77.7125
16,2048,384,228,74.607
16,2048,384,230,73.9357
16,2048,384,232,74.7417
16,2048,384,234,71.763
16,2048,384,236,70.7627
16,2048,384,238,74.0801
16,2048,384,240,78.7773
16,2048,384,242,67.2159
16,2048,384,244,72.823
16,2048,384,246,69.753
16,2048,384,248,67.0587
16,2048,384,250,68.1
16,2048,384,252,67.086
16,2048,384,254,65.5292
16,2048,384,256,67.0504
16,2048,384,258,71.811
16,2048,384,260,70.4187
16,2048,384,262,66.6272
16,2048,384,264,70.4666
16,2048,384,266,69.3433
16,2048,384,268,70.2842
16,2048,384,270,68.3208
16,2048,384,272,71.3865
16,2048,384,274,62.2217
16,2048,384,276,68.3922
16,2048,384,278,60.4063
16,2048,384,280,65.6515
16,2048,384,282,67.0064
16,2048,384,284,70.9001
16,2048,384,286,62.4571
16,2048,384,288,58.4455
16,2048,384,290,66.136
16,2048,384,292,67.4952
16,2048,384,294,68.8761
16,2048,384,296,67.0026
16,2048,384,298,65.2392
16,2048,384,300,69.7603
16,2048,384,302,56.1683
16,2048,384,304,64.1113
16,2048,384,306,59.7201
16,2048,384,308,62.9765
16,2048,384,310,64.9623
16,2048,384,312,63.6578
16,2048,384,314,59.1694
16,2048,384,316,57.5568
16,2048,384,318,60.4963
16,2048,384,320,61.707
16,2048,384,322,62.795
16,2048,384,324,61.9306
16,2048,384,326,57.5479
16,2048,384,328,60.4038
16,2048,384,330,62.0621
16,2048,384,332,56.6154
16,2048,384,334,60.6793
16,2048,384,336,61.4767
16,2048,384,338,57.7966
16,2048,384,340,59.658
16,2048,384,342,59.8682
16,2048,384,344,56.3144
16,2048,384,346,53.3672
16,2048,384,348,57.1946
16,2048,384,350,54.5349
16,2048,384,352,52.8965
16,2048,384,354,54.7832
16,2048,384,356,55.9129
16,2048,384,358,53.8261
16,2048,384,360,54.5221
16,2048,384,362,55.4254
16,2048,384,364,58.0993
16,2048,384,366,57.5477
16,2048,384,368,53.2047
16,2048,384,370,55.8301
16,2048,384,372,53.8337
16,2048,384,374,51.992
16,2048,384,376,55.1465
16,2048,384,378,54.1034
16,2048,384,380,55.0343
16,2048,384,382,52.2808
16,2048,386,2,45.8301
16,2048,386,4,64.2065
16,2048,386,6,65.5964
16,2048,386,8,71.754
16,2048,386,10,63.9128
16,2048,386,12,89.9016
16,2048,386,14,83.6866
16,2048,386,16,86.7622
16,2048,386,18,86.3839
16,2048,386,20,77.2726
16,2048,386,22,81.928
16,2048,386,24,116.286
16,2048,386,26,106.8339
16,2048,386,28,90.1156
16,2048,386,30,98.0248
16,2048,386,32,89.6044
16,2048,386,34,86.129
16,2048,386,36,103.0869
16,2048,386,38,100.0776
16,2048,386,40,94.3131
16,2048,386,42,97.9622
16,2048,386,44,92.8253
16,2048,386,46,88.6804
16,2048,386,48,112.4821
16,2048,386,50,103.9884
16,2048,386,52,100.6656
16,2048,386,54,101.0626
16,2048,386,56,91.0026
16,2048,386,58,95.1541
16,2048,386,60,92.2242
16,2048,386,62,98.0784
16,2048,386,64,95.6476
16,2048,386,66,98.8612
16,2048,386,68,96.7003
16,2048,386,70,93.308
16,2048,386,72,96.1544
16,2048,386,74,97.3052
16,2048,386,76,105.2612
16,2048,386,78,96.8459
16,2048,386,80,96.1763
16,2048,386,82,90.8003
16,2048,386,84,99.1225
16,2048,386,86,93.7244
16,2048,386,88,99.5499
16,2048,386,90,94.3319
16,2048,386,92,96.4964
16,2048,386,94,93.1573
16,2048,386,96,95.428
16,2048,386,98,88.6411
16,2048,386,100,99.5689
16,2048,386,102,98.0669
16,2048,386,104,97.2139
16,2048,386,106,87.4273
16,2048,386,108,90.7823
16,2048,386,110,89.386
16,2048,386,112,88.74
16,2048,386,114,87.9078
16,2048,386,116,84.4249
16,2048,386,118,88.6297
16,2048,386,120,89.6829
16,2048,386,122,89.3771
16,2048,386,124,93.3565
16,2048,386,126,88.2777
16,2048,386,128,82.1897
16,2048,386,130,82.4012
16,2048,386,132,85.8692
16,2048,386,134,85.2278
16,2048,386,136,86.4438
16,2048,386,138,88.2267
16,2048,386,140,88.2623
16,2048,386,142,94.5981
16,2048,386,144,84.5302
16,2048,386,146,81.5581
16,2048,386,148,91.1555
16,2048,386,150,81.2004
16,2048,386,152,79.8791
16,2048,386,154,82.0305
16,2048,386,156,82.1172
16,2048,386,158,79.7006
16,2048,386,160,87.8776
16,2048,386,162,84.5568
16,2048,386,164,85.7187
16,2048,386,166,78.6718
16,2048,386,168,89.2373
16,2048,386,170,75.9057
16,2048,386,172,73.6152
16,2048,386,174,70.3816
16,2048,386,176,82.6964
16,2048,386,178,73.6044
16,2048,386,180,74.9454
16,2048,386,182,75.9631
16,2048,386,184,71.0339
16,2048,386,186,81.3659
16,2048,386,188,75.77
16,2048,386,190,72.2731
16,2048,386,192,76.6473
16,2048,386,194,71.8798
16,2048,386,196,68.7226
16,2048,386,198,72.5137
16,2048,386,200,72.5481
16,2048,386,202,63.9295
16,2048,386,204,66.9532
16,2048,386,206,71.3236
16,2048,386,208,69.8078
16,2048,386,210,73.2714
16,2048,386,212,74.7536
16,2048,386,214,73.1949
16,2048,386,216,74.7047
16,2048,386,218,73.7055
16,2048,386,220,68.3202
16,2048,386,222,76.7224
16,2048,386,224,68.4805
16,2048,386,226,77.6869
16,2048,386,228,70.0528
16,2048,386,230,73.5758
16,2048,386,232,73.5267
16,2048,386,234,71.9266
16,2048,386,236,65.2789
16,2048,386,238,69.8243
16,2048,386,240,71.5202
16,2048,386,242,71.7016
16,2048,386,244,67.2372
16,2048,386,246,65.3324
16,2048,386,248,67.971
16,2048,386,250,69.7571
16,2048,386,252,68.7316
16,2048,386,254,68.8908
16,2048,386,256,70.1669
16,2048,386,258,73.8208
16,2048,386,260,71.7785
16,2048,386,262,63.0289
16,2048,386,264,71.7747
16,2048,386,266,72.6246
16,2048,386,268,68.6475
16,2048,386,270,65.8946
16,2048,386,272,72.3625
16,2048,386,274,63.5586
16,2048,386,276,70.4249
16,2048,386,278,65.5201
16,2048,386,280,66.753
16,2048,386,282,69.0294
16,2048,386,284,63.9617
16,2048,386,286,67.21
16,2048,386,288,73.2077
16,2048,386,290,61.8705
16,2048,386,292,66.0999
16,2048,386,294,63.9698
16,2048,386,296,62.8044
16,2048,386,298,67.8192
16,2048,386,300,62.9501
16,2048,386,302,62.3618
16,2048,386,304,58.9859
16,2048,386,306,60.9301
16,2048,386,308,63.4551
16,2048,386,310,65.0814
16,2048,386,312,59.6558
16,2048,386,314,67.3478
16,2048,386,316,61.0343
16,2048,386,318,62.1884
16,2048,386,320,60.3508
16,2048,386,322,63.7939
16,2048,386,324,60.1044
16,2048,386,326,60.0685
16,2048,386,328,59.991
16,2048,386,330,55.6079
16,2048,386,332,56.5181
16,2048,386,334,56.6847
16,2048,386,336,60.5242
16,2048,386,338,59.332
16,2048,386,340,59.0004
16,2048,386,342,58.463
16,2048,386,344,58.0899
16,2048,386,346,55.7728
16,2048,386,348,58.4405
16,2048,386,350,57.0049
16,2048,386,352,58.3333
16,2048,386,354,57.2114
16,2048,386,356,58.6537
16,2048,386,358,55.9449
16,2048,386,360,56.5468
16,2048,386,362,56.8171
16,2048,386,364,56.8637
16,2048,386,366,54.8105
16,2048,386,368,57.7113
16,2048,386,370,52.2372
16,2048,386,372,56.8335
16,2048,386,374,55.0713
16,2048,386,376,52.4267
16,2048,386,378,50.9576
16,2048,386,380,49.5846
16,2048,386,382,53.2959
16,2048,386,384,53.4614
16,2048,388,2,46.7454
16,2048,388,4,63.2619
16,2048,388,6,63.0663
16,2048,388,8,67.4552
16,2048,388,10,70.4397
16,2048,388,12,91.6991
16,2048,388,14,102.6204
16,2048,388,16,90.9381
16,2048,388,18,87.3887
16,2048,388,20,84.8382
16,2048,388,22,84.0311
16,2048,388,24,110.2763
16,2048,388,26,92.54
16,2048,388,28,92.3272
16,2048,388,30,92.222
16,2048,388,32,92.5753
16,2048,388,34,93.3598
16,2048,388,36,114.1262
16,2048,388,38,97.708
16,2048,388,40,100.3164
16,2048,388,42,100.6267
16,2048,388,44,91.8453
16,2048,388,46,91.8565
16,2048,388,48,104.8177
16,2048,388,50,104.4697
16,2048,388,52,99.7546
16,2048,388,54,94.4134
16,2048,388,56,98.6609
16,2048,388,58,93.2011
16,2048,388,60,99.8791
16,2048,388,62,98.8436
16,2048,388,64,99.9765
16,2048,388,66,91.7988
16,2048,388,68,91.207
16,2048,388,70,101.0538
16,2048,388,72,100.6788
16,2048,388,74,100.6538
16,2048,388,76,94.8224
16,2048,388,78,96.8047
16,2048,388,80,93.1446
16,2048,388,82,89.0075
16,2048,388,84,95.692
16,2048,388,86,97.966
16,2048,388,88,97.5865
16,2048,388,90,93.7965
16,2048,388,92,91.2204
16,2048,388,94,88.8715
16,2048,388,96,96.4337
16,2048,388,98,99.4116
16,2048,388,100,86.8372
16,2048,388,102,92.7723
16,2048,388,104,91.9744
16,2048,388,106,89.9938
16,2048,388,108,89.0091
16,2048,388,110,89.9758
16,2048,388,112,92.0668
16,2048,388,114,90.9134
16,2048,388,116,92.566
16,2048,388,118,85.6277
16,2048,388,120,88.9198
16,2048,388,122,89.7431
16,2048,388,124,89.1029
16,2048,388,126,84.5558
16,2048,388,128,78.829
16,2048,388,130,87.7613
16,2048,388,132,85.4789
16,2048,388,134,79.9803
16,2048,388,136,75.1977
16,2048,388,138,72.4045
16,2048,388,140,79.0724
16,2048,388,142,76.6845
16,2048,388,144,87.5803
16,2048,388,146,87.7504
16,2048,388,148,85.8086
16,2048,388,150,85.3913
16,2048,388,152,82.8338
16,2048,388,154,73.6464
16,2048,388,156,83.6714
16,2048,388,158,88.9917
16,2048,388,160,81.0134
16,2048,388,162,81.6662
16,2048,388,164,79.173
16,2048,388,166,83.2206
16,2048,388,168,76.4419
16,2048,388,170,82.7438
16,2048,388,172,76.3361
16,2048,388,174,80.1448
16,2048,388,176,82.5277
16,2048,388,178,78.9604
16,2048,388,180,68.9252
16,2048,388,182,74.515
16,2048,388,184,68.8631
16,2048,388,186,74.8154
16,2048,388,188,74.6362
16,2048,388,190,74.3802
16,2048,388,192,68.4229
16,2048,388,194,75.6826
16,2048,388,196,67.5612
16,2048,388,198,70.2898
16,2048,388,200,71.6442
16,2048,388,202,75.8766
16,2048,388,204,67.4722
16,2048,388,206,69.9861
16,2048,388,208,74.6815
16,2048,388,210,70.7246
16,2048,388,212,72.9819
16,2048,388,214,69.9218
16,2048,388,216,82.1693
16,2048,388,218,75.4764
16,2048,388,220,75.0487
16,2048,388,222,76.5081
16,2048,388,224,69.9977
16,2048,388,226,72.6132
16,2048,388,228,75.1931
16,2048,388,230,70.3748
16,2048,388,232,74.8886
16,2048,388,234,68.3959
16,2048,388,236,66.1526
16,2048,388,238,72.177
16,2048,388,240,71.3008
16,2048,388,242,67.4428
16,2048,388,244,69.4597
16,2048,388,246,66.6467
16,2048,388,248,63.5889
16,2048,388,250,69.8063
16,2048,388,252,65.7871
16,2048,388,254,67.8395
16,2048,388,256,71.5375
16,2048,388,258,66.345
16,2048,388,260,65.7409
16,2048,388,262,68.9465
16,2048,388,264,63.9373
16,2048,388,266,71.7082
16,2048,388,268,72.9658
16,2048,388,270,71.1541
16,2048,388,272,65.3499
16,2048,388,274,65.7734
16,2048,388,276,70.5443
16,2048,388,278,62.2293
16,2048,388,280,71.817
16,2048,388,282,65.1274
16,2048,388,284,64.4074
16,2048,388,286,60.9448
16,2048,388,288,67.6925
16,2048,388,290,65.566
16,2048,388,292,63.6403
16,2048,388,294,64.4758
16,2048,388,296,63.7957
16,2048,388,298,65.1995
16,2048,388,300,68.2479
16,2048,388,302,65.6426
16,2048,388,304,65.4147
16,2048,388,306,62.3772
16,2048,388,308,60.2909
16,2048,388,310,65.21
16,2048,388,312,61.7033
16,2048,388,314,65.8861
16,2048,388,316,66.7662
16,2048,388,318,62.2108
16,2048,388,320,60.9245
16,2048,388,322,62.8003
16,2048,388,324,59.7801
16,2048,388,326,62.5213
16,2048,388,328,58.9486
16,2048,388,330,59.3765
16,2048,388,332,59.9731
16,2048,388,334,54.3148
16,2048,388,336,57.1098
16,2048,388,338,61.1005
16,2048,388,340,59.3546
16,2048,388,342,58.3679
16,2048,388,344,53.8022
16,2048,388,346,60.925
16,2048,388,348,54.5747
16,2048,388,350,59.2529
16,2048,388,352,59.3757
16,2048,388,354,54.768
16,2048,388,356,55.5645
16,2048,388,358,58.1847
16,2048,388,360,52.8458
16,2048,388,362,51.2262
16,2048,388,364,54.5996
16,2048,388,366,53.8259
16,2048,388,368,55.6199
16,2048,388,370,55.2531
16,2048,388,372,52.2929
16,2048,388,374,54.172
16,2048,388,376,54.7074
16,2048,388,378,49.6982
16,2048,388,380,54.7925
16,2048,388,382,53.6617
16,2048,388,384,53.0995
16,2048,388,386,53.2928
16,2048,390,2,44.8116
16,2048,390,4,64.5445
16,2048,390,6,67.6054
16,2048,390,8,69.5711
16,2048,390,10,67.8426
16,2048,390,12,88.4317
16,2048,390,14,78.4838
16,2048,390,16,85.6619
16,2048,390,18,96.3712
16,2048,390,20,77.5123
16,2048,390,22,82.4756
16,2048,390,24,108.7638
16,2048,390,26,91.8887
16,2048,390,28,100.0101
16,2048,390,30,95.4446
16,2048,390,32,95.0939
16,2048,390,34,87.1273
16,2048,390,36,103.5188
16,2048,390,38,102.3338
16,2048,390,40,94.5147
16,2048,390,42,92.8459
16,2048,390,44,91.6771
16,2048,390,46,93.0757
16,2048,390,48,93.1006
16,2048,390,50,100.0841
16,2048,390,52,91.6534
16,2048,390,54,97.1815
16,2048,390,56,92.4345
16,2048,390,58,89.4708
16,2048,390,60,97.9772
16,2048,390,62,100.8779
16,2048,390,64,99.0062
16,2048,390,66,98.9867
16,2048,390,68,94.4213
16,2048,390,70,97.405
16,2048,390,72,102.5576
16,2048,390,74,95.1583
16,2048,390,76,88.2042
16,2048,390,78,96.6576
16,2048,390,80,92.5266
16,2048,390,82,95.1645
16,2048,390,84,99.9024
16,2048,390,86,95.1524
16,2048,390,88,90.7272
16,2048,390,90,92.8842
16,2048,390,92,91.9805
16,2048,390,94,90.2049
16,2048,390,96,103.4341
16,2048,390,98,93.5105
16,2048,390,100,92.6194
16,2048,390,102,90.3967
16,2048,390,104,81.1941
16,2048,390,106,84.4217
16,2048,390,108,84.8918
16,2048,390,110,97.9136
16,2048,390,112,93.1471
16,2048,390,114,87.2676
16,2048,390,116,90.2506
16,2048,390,118,84.1708
16,2048,390,120,83.8075
16,2048,390,122,82.0277
16,2048,390,124,75.688
16,2048,390,126,90.0666
16,2048,390,128,78.8829
16,2048,390,130,84.9754
16,2048,390,132,86.9681
16,2048,390,134,76.8885
16,2048,390,136,83.7221
16,2048,390,138,88.8876
16,2048,390,140,82.4111
16,2048,390,142,84.4655
16,2048,390,144,82.7502
16,2048,390,146,80.4256
16,2048,390,148,80.4981
16,2048,390,150,81.5648
16,2048,390,152,84.7308
16,2048,390,154,77.1182
16,2048,390,156,80.7977
16,2048,390,158,84.9623
16,2048,390,160,82.0396
16,2048,390,162,80.041
16,2048,390,164,77.3145
16,2048,390,166,86.2049
16,2048,390,168,77.602
16,2048,390,170,68.2668
16,2048,390,172,80.5149
16,2048,390,174,76.7447
16,2048,390,176,75.0305
16,2048,390,178,72.0743
16,2048,390,180,80.9316
16,2048,390,182,76.5382
16,2048,390,184,76.4596
16,2048,390,186,76.4607
16,2048,390,188,78.6752
16,2048,390,190,75.2448
16,2048,390,192,75.7871
16,2048,390,194,67.7875
16,2048,390,196,74.2955
16,2048,390,198,71.5813
16,2048,390,200,72.4585
16,2048,390,202,65.6863
16,2048,390,204,70.5872
16,2048,390,206,69.4032
16,2048,390,208,78.4951
16,2048,390,210,73.7921
16,2048,390,212,72.0532
16,2048,390,214,71.0645
16,2048,390,216,67.3232
16,2048,390,218,71.0744
16,2048,390,220,70.6069
16,2048,390,222,70.8028
16,2048,390,224,62.6791
16,2048,390,226,69.4406
16,2048,390,228,69.7248
16,2048,390,230,67.6241
16,2048,390,232,72.9554
16,2048,390,234,69.6304
16,2048,390,236,65.9663
16,2048,390,238,66.6437
16,2048,390,240,69.9269
16,2048,390,242,66.13
16,2048,390,244,67.5536
16,2048,390,246,66.4273
16,2048,390,248,76.1822
16,2048,390,250,72.2486
16,2048,390,252,65.656
16,2048,390,254,67.9743
16,2048,390,256,74.3794
16,2048,390,258,71.2288
16,2048,390,260,63.7748
16,2048,390,262,68.5123
16,2048,390,264,65.7903
16,2048,390,266,69.7752
16,2048,390,268,65.5032
16,2048,390,270,64.5242
16,2048,390,272,68.6155
16,2048,390,274,70.7175
16,2048,390,276,66.0582
16,2048,390,278,63.6782
16,2048,390,280,64.0151
16,2048,390,282,67.0862
16,2048,390,284,61.9005
16,2048,390,286,66.0638
16,2048,390,288,68.545
16,2048,390,290,66.9829
16,2048,390,292,64.0301
16,2048,390,294,64.5134
16,2048,390,296,64.5296
16,2048,390,298,65.4616
16,2048,390,300,63.0225
16,2048,390,302,62.067
16,2048,390,304,64.7331
16,2048,390,306,63.2822
16,2048,390,308,65.1617
16,2048,390,310,61.5386
16,2048,390,312,65.5337
16,2048,390,314,59.8188
16,2048,390,316,61.0853
16,2048,390,318,62.0477
16,2048,390,320,61.5746
16,2048,390,322,62.1485
16,2048,390,324,58.0138
16,2048,390,326,56.408
16,2048,390,328,59.1963
16,2048,390,330,62.4084
16,2048,390,332,58.2796
16,2048,390,334,60.5602
16,2048,390,336,56.03
16,2048,390,338,60.0783
16,2048,390,340,55.2177
16,2048,390,342,59.4017
16,2048,390,344,56.2122
16,2048,390,346,56.4184
16,2048,390,348,55.0607
16,2048,390,350,56.1164
16,2048,390,352,55.6644
16,2048,390,354,54.8746
16,2048,390,356,55.3797
16,2048,390,358,56.1923
16,2048,390,360,55.1408
16,2048,390,362,56.4008
16,2048,390,364,57.8083
16,2048,390,366,53.7559
16,2048,390,368,51.4551
16,2048,390,370,53.1104
16,2048,390,372,52.79
16,2048,390,374,54.7402
16,2048,390,376,54.8895
16,2048,390,378,49.7027
16,2048,390,380,50.8216
16,2048,390,382,54.874
16,2048,390,384,47.9599
16,2048,390,386,51.6614
16,2048,390,388,48.996
16,2048,392,2,43.4792
16,2048,392,4,62.2904
16,2048,392,6,70.0902
16,2048,392,8,73.8475
16,2048,392,10,61.7707
16,2048,392,12,88.7956
16,2048,392,14,88.1016
16,2048,392,16,89.4094
16,2048,392,18,81.4487
16,2048,392,20,89.2424
16,2048,392,22,83.1848
16,2048,392,24,99.5699
16,2048,392,26,102.3079
16,2048,392,28,92.0653
16,2048,392,30,91.9551
16,2048,392,32,93.5329
16,2048,392,34,94.2061
16,2048,392,36,102.4581
16,2048,392,38,94.7807
16,2048,392,40,98.3159
16,2048,392,42,95.1551
16,2048,392,44,98.6686
16,2048,392,46,98.7125
16,2048,392,48,97.9008
16,2048,392,50,98.1833
16,2048,392,52,93.8077
16,2048,392,54,91.7534
16,2048,392,56,93.7864
16,2048,392,58,91.2228
16,2048,392,60,99.2487
16,2048,392,62,97.9513
16,2048,392,64,101.2554
16,2048,392,66,95.7862
16,2048,392,68,97.3646
16,2048,392,70,95.5414
16,2048,392,72,93.0238
16,2048,392,74,101.7943
16,2048,392,76,96.8133
16,2048,392,78,95.0175
16,2048,392,80,92.4976
16,2048,392,82,90.9039
16,2048,392,84,96.2952
16,2048,392,86,103.4452
16,2048,392,88,90.2547
16,2048,392,90,88.2956
16,2048,392,92,90.8044
16,2048,392,94,87.8179
16,2048,392,96,99.5513
16,2048,392,98,90.4196
16,2048,392,100,100.1451
16,2048,392,102,93.3792
16,2048,392,104,83.0437
16,2048,392,106,86.6339
16,2048,392,108,96.2241
16,2048,392,110,96.288
16,2048,392,112,89.2844
16,2048,392,114,94.3908
16,2048,392,116,85.8746
16,2048,392,118,90.0769
16,2048,392,120,82.2284
16,2048,392,122,89.5323
16,2048,392,124,94.823
16,2048,392,126,78.3577
16,2048,392,128,80.4629
16,2048,392,130,80.4304
16,2048,392,132,79.0581
16,2048,392,134,88.2799
16,2048,392,136,87.8123
16,2048,392,138,83.6907
16,2048,392,140,89.0211
16,2048,392,142,85.8033
16,2048,392,144,90.8583
16,2048,392,146,80.759
16,2048,392,148,85.2824
16,2048,392,150,75.118
16,2048,392,152,80.9541
16,2048,392,154,82.7391
16,2048,392,156,86.9921
16,2048,392,158,76.6982
16,2048,392,160,74.5828
16,2048,392,162,85.1772
16,2048,392,164,79.3694
16,2048,392,166,78.0572
16,2048,392,168,78.1132
16,2048,392,170,75.9857
16,2048,392,172,75.0709
16,2048,392,174,74.0613
16,2048,392,176,79.4586
16,2048,392,178,72.9552
16,2048,392,180,77.1797
16,2048,392,182,72.19
16,2048,392,184,75.2711
16,2048,392,186,66.9048
16,2048,392,188,77.0021
16,2048,392,190,68.3008
16,2048,392,192,73.7817
16,2048,392,194,66.7632
16,2048,392,196,71.2326
16,2048,392,198,70.2696
16,2048,392,200,72.4504
16,2048,392,202,75.53
16,2048,392,204,69.0873
16,2048,392,206,72.3414
16,2048,392,208,66.8117
16,2048,392,210,76.2634
16,2048,392,212,68.2556
16,2048,392,214,69.161
16,2048,392,216,71.7957
16,2048,392,218,71.649
16,2048,392,220,74.9894
16,2048,392,222,71.4115
16,2048,392,224,74.7906
16,2048,392,226,72.6906
16,2048,392,228,71.9736
16,2048,392,230,65.3846
16,2048,392,232,67.9856
16,2048,392,234,67.0045
16,2048,392,236,64.5954
16,2048,392,238,71.7294
16,2048,392,240,70.4864
16,2048,392,242,66.6298
16,2048,392,244,69.4222
16,2048,392,246,70.0836
16,2048,392,248,72.3441
16,2048,392,250,68.6724
16,2048,392,252,63.5165
16,2048,392,254,67.101
16,2048,392,256,64.1345
16,2048,392,258,68.9568
16,2048,392,260,64.7657
16,2048,392,262,69.2525
16,2048,392,264,66.0453
16,2048,392,266,68.2131
16,2048,392,268,72.1332
16,2048,392,270,62.872
16,2048,392,272,62.8539
16,2048,392,274,66.6853
16,2048,392,276,64.9998
16,2048,392,278,65.3971
16,2048,392,280,68.4451
16,2048,392,282,61.895
16,2048,392,284,66.3953
16,2048,392,286,67.0738
16,2048,392,288,61.5751
16,2048,392,290,62.044
16,2048,392,292,65.1358
16,2048,392,294,70.2057
16,2048,392,296,62.9194
16,2048,392,298,61.4249
16,2048,392,300,64.8215
16,2048,392,302,62.5603
16,2048,392,304,61.4684
16,2048,392,306,62.3629
16,2048,392,308,65.0935
16,2048,392,310,64.7856
16,2048,392,312,62.1751
16,2048,392,314,60.9026
16,2048,392,316,64.2484
16,2048,392,318,58.667
16,2048,392,320,63.2938
16,2048,392,322,56.6584
16,2048,392,324,60.183
16,2048,392,326,62.5956
16,2048,392,328,54.4838
16,2048,392,330,60.1018
16,2048,392,332,59.7919
16,2048,392,334,59.7804
16,2048,392,336,55.4849
16,2048,392,338,57.2755
16,2048,392,340,56.6734
16,2048,392,342,56.8702
16,2048,392,344,59.2508
16,2048,392,346,54.6958
16,2048,392,348,53.7074
16,2048,392,350,55.3502
16,2048,392,352,53.4086
16,2048,392,354,54.7787
16,2048,392,356,56.7817
16,2048,392,358,54.7956
16,2048,392,360,57.4409
16,2048,392,362,54.4412
16,2048,392,364,51.3096
16,2048,392,366,58.0061
16,2048,392,368,57.8084
16,2048,392,370,54.1944
16,2048,392,372,53.9902
16,2048,392,374,55.2436
16,2048,392,376,54.9824
16,2048,392,378,54.6998
16,2048,392,380,54.9316
16,2048,392,382,53.4587
16,2048,392,384,49.8426
16,2048,392,386,50.9951
16,2048,392,388,51.2283
16,2048,392,390,53.0435
16,2048,394,2,42.0518
16,2048,394,4,65.2491
16,2048,394,6,67.2024
16,2048,394,8,65.746
16,2048,394,10,64.185
16,2048,394,12,93.7849
16,2048,394,14,81.8133
16,2048,394,16,84.9015
16,2048,394,18,87.9353
16,2048,394,20,78.9089
16,2048,394,22,78.3576
16,2048,394,24,98.2903
16,2048,394,26,92.5627
16,2048,394,28,90.1018
16,2048,394,30,94.0044
16,2048,394,32,90.9729
16,2048,394,34,91.0307
16,2048,394,36,99.4055
16,2048,394,38,90.9529
16,2048,394,40,97.6745
16,2048,394,42,86.227
16,2048,394,44,91.6535
16,2048,394,46,91.1703
16,2048,394,48,98.7258
16,2048,394,50,96.3458
16,2048,394,52,90.1017
16,2048,394,54,98.8768
16,2048,394,56,93.7798
16,2048,394,58,89.9355
16,2048,394,60,99.9291
16,2048,394,62,85.9928
16,2048,394,64,103.9786
16,2048,394,66,92.1874
16,2048,394,68,92.1354
16,2048,394,70,91.3109
16,2048,394,72,88.916
16,2048,394,74,97.567
16,2048,394,76,89.1841
16,2048,394,78,94.8796
16,2048,394,80,90.7696
16,2048,394,82,88.1402
16,2048,394,84,93.7267
16,2048,394,86,92.2081
16,2048,394,88,89.2468
16,2048,394,90,91.9654
16,2048,394,92,87.5822
16,2048,394,94,84.3006
16,2048,394,96,89.7206
16,2048,394,98,86.4257
16,2048,394,100,85.5839
16,2048,394,102,80.4718
16,2048,394,104,85.8218
16,2048,394,106,83.3169
16,2048,394,108,89.0038
16,2048,394,110,93.1791
16,2048,394,112,88.4443
16,2048,394,114,81.7952
16,2048,394,116,91.3695
16,2048,394,118,78.5277
16,2048,394,120,93.9306
16,2048,394,122,80.8214
16,2048,394,124,92.0043
16,2048,394,126,82.0971
16,2048,394,128,81.616
16,2048,394,130,77.3071
16,2048,394,132,73.4625
16,2048,394,134,78.0607
16,2048,394,136,88.3802
16,2048,394,138,82.7624
16,2048,394,140,86.3557
16,2048,394,142,77.9766
16,2048,394,144,76.5935
16,2048,394,146,78.0619
16,2048,394,148,84.4237
16,2048,394,150,79.7992
16,2048,394,152,81.5398
16,2048,394,154,75.742
16,2048,394,156,80.473
16,2048,394,158,75.6319
16,2048,394,160,81.9829
16,2048,394,162,73.1661
16,2048,394,164,76.4629
16,2048,394,166,78.5984
16,2048,394,168,73.8507
16,2048,394,170,74.2138
16,2048,394,172,72.4441
16,2048,394,174,81.54
16,2048,394,176,73.1758
16,2048,394,178,76.9717
16,2048,394,180,76.2287
16,2048,394,182,77.4762
16,2048,394,184,75.3407
16,2048,394,186,72.5266
16,2048,394,188,66.141
16,2048,394,190,76.1709
16,2048,394,192,64.3183
16,2048,394,194,67.5006
16,2048,394,196,72.0696
16,2048,394,198,73.2206
16,2048,394,200,61.8241
16,2048,394,202,72.0359
16,2048,394,204,74.0058
16,2048,394,206,71.1545
16,2048,394,208,69.7844
16,2048,394,210,65.7969
16,2048,394,212,70.0724
16,2048,394,214,70.5103
16,2048,394,216,73.1111
16,2048,394,218,69.8988
16,2048,394,220,64.8163
16,2048,394,222,69.2702
16,2048,394,224,62.1372
16,2048,394,226,69.3981
16,2048,394,228,77.2087
16,2048,394,230,62.2928
16,2048,394,232,70.353
16,2048,394,234,71.6709
16,2048,394,236,64.7585
16,2048,394,238,67.3679
16,2048,394,240,73.1344
16,2048,394,242,68.1885
16,2048,394,244,68.9883
16,2048,394,246,71.2592
16,2048,394,248,66.6777
16,2048,394,250,68.076
16,2048,394,252,64.879
16,2048,394,254,70.6079
16,2048,394,256,61.8933
16,2048,394,258,65.8821
16,2048,394,260,66.8156
16,2048,394,262,67.1337
16,2048,394,264,62.0129
16,2048,394,266,66.2787
16,2048,394,268,60.6342
16,2048,394,270,64.7995
16,2048,394,272,67.7172
16,2048,394,274,68.1967
16,2048,394,276,63.8616
16,2048,394,278,65.9428
16,2048,394,280,66.5457
16,2048,394,282,66.6082
16,2048,394,284,65.0998
16,2048,394,286,62.0162
16,2048,394,288,63.8953
16,2048,394,290,70.1451
16,2048,394,292,64.2314
16,2048,394,294,64.7861
16,2048,394,296,62.9683
16,2048,394,298,64.3699
16,2048,394,300,63.3003
16,2048,394,302,62.1184
16,2048,394,304,59.3877
16,2048,394,306,67.7628
16,2048,394,308,59.6469
16,2048,394,310,60.6406
16,2048,394,312,64.0962
16,2048,394,314,59.5094
16,2048,394,316,58.7756
16,2048,394,318,59.7339
16,2048,394,320,56.3952
16,2048,394,322,56.6487
16,2048,394,324,60.4684
16,2048,394,326,58.8105
16,2048,394,328,51.8001
16,2048,394,330,56.2397
16,2048,394,332,51.9313
16,2048,394,334,57.1538
16,2048,394,336,56.8371
16,2048,394,338,52.4647
16,2048,394,340,54.8594
16,2048,394,342,54.6436
16,2048,394,344,57.1021
16,2048,394,346,55.764
16,2048,394,348,56.027
16,2048,394,350,55.8259
16,2048,394,352,52.9894
16,2048,394,354,56.1255
16,2048,394,356,57.0169
16,2048,394,358,55.4662
16,2048,394,360,53.0057
16,2048,394,362,53.4075
16,2048,394,364,53.9833
16,2048,394,366,49.1217
16,2048,394,368,55.9247
16,2048,394,370,54.4327
16,2048,394,372,52.2562
16,2048,394,374,53.7517
16,2048,394,376,50.3972
16,2048,394,378,51.8174
16,2048,394,380,51.2498
16,2048,394,382,52.8919
16,2048,394,384,49.9623
16,2048,394,386,53.4015
16,2048,394,388,53.4659
16,2048,394,390,48.877
16,2048,394,392,52.4935
16,2048,396,2,45.0963
16,2048,396,4,61.4685
16,2048,396,6,58.3802
16,2048,396,8,65.2194
16,2048,396,10,66.9558
16,2048,396,12,106.2048
16,2048,396,14,83.8777
16,2048,396,16,85.9183
16,2048,396,18,82.3562
16,2048,396,20,87.5698
16,2048,396,22,79.0538
16,2048,396,24,106.7383
16,2048,396,26,104.4458
16,2048,396,28,98.0923
16,2048,396,30,92.5726
16,2048,396,32,91.5292
16,2048,396,34,85.4185
16,2048,396,36,108.4856
16,2048,396,38,92.1918
16,2048,396,40,96.1736
16,2048,396,42,95.697
16,2048,396,44,97.873
16,2048,396,46,90.3059
16,2048,396,48,99.0088
16,2048,396,50,99.0667
16,2048,396,52,98.0385
16,2048,396,54,96.4185
16,2048,396,56,89.7651
16,2048,396,58,85.2683
16,2048,396,60,101.5856
16,2048,396,62,95.3839
16,2048,396,64,97.5884
16,2048,396,66,91.6763
16,2048,396,68,97.3513
16,2048,396,70,87.8626
16,2048,396,72,99.8515
16,2048,396,74,98.4435
16,2048,396,76,98.0596
16,2048,396,78,96.5546
16,2048,396,80,92.768
16,2048,396,82,86.3614
16,2048,396,84,97.1067
16,2048,396,86,92.7053
16,2048,396,88,101.4285
16,2048,396,90,89.1647
16,2048,396,92,84.9106
16,2048,396,94,90.3747
16,2048,396,96,88.9056
16,2048,396,98,89.601
16,2048,396,100,92.1887
16,2048,396,102,80.3063
16,2048,396,104,77.9647
16,2048,396,106,85.6341
16,2048,396,108,98.5917
16,2048,396,110,91.1305
16,2048,396,112,95.0956
16,2048,396,114,80.6976
16,2048,396,116,83.9459
16,2048,396,118,86.7149
16,2048,396,120,86.9145
16,2048,396,122,88.8895
16,2048,396,124,87.9455
16,2048,396,126,88.1547
16,2048,396,128,74.8969
16,2048,396,130,79.1955
16,2048,396,132,88.0078
16,2048,396,134,73.4467
16,2048,396,136,76.3326
16,2048,396,138,77.5017
16,2048,396,140,82.1523
16,2048,396,142,85.3792
16,2048,396,144,83.0131
16,2048,396,146,87.5935
16,2048,396,148,85.5675
16,2048,396,150,82.1765
16,2048,396,152,76.6778
16,2048,396,154,77.114
16,2048,396,156,78.5121
16,2048,396,158,75.2336
16,2048,396,160,78.6661
16,2048,396,162,82.7004
16,2048,396,164,80.9883
16,2048,396,166,75.2787
16,2048,396,168,85.5117
16,2048,396,170,84.8398
16,2048,396,172,71.0187
16,2048,396,174,83.849
16,2048,396,176,72.8315
16,2048,396,178,69.2168
16,2048,396,180,76.6793
16,2048,396,182,75.1107
16,2048,396,184,72.8846
16,2048,396,186,76.2221
16,2048,396,188,75.5534
16,2048,396,190,74.37
16,2048,396,192,78.5623
16,2048,396,194,69.4854
16,2048,396,196,70.5451
16,2048,396,198,72.068
16,2048,396,200,68.9999
16,2048,396,202,75.5127
16,2048,396,204,72.8562
16,2048,396,206,68.8021
16,2048,396,208,69.2914
16,2048,396,210,76.2416
16,2048,396,212,72.9908
16,2048,396,214,71.9241
16,2048,396,216,73.7674
16,2048,396,218,62.9894
16,2048,396,220,64.2529
16,2048,396,222,61.9294
16,2048,396,224,65.6396
16,2048,396,226,68.4077
16,2048,396,228,68.2277
16,2048,396,230,68.9476
16,2048,396,232,67.6498
16,2048,396,234,68.7454
16,2048,396,236,72.3805
16,2048,396,238,71.7127
16,2048,396,240,68.8759
16,2048,396,242,66.9831
16,2048,396,244,66.6873
16,2048,396,246,65.6342
16,2048,396,248,73.1536
16,2048,396,250,67.243
16,2048,396,252,70.4438
16,2048,396,254,68.9765
16,2048,396,256,68.8294
16,2048,396,258,69.913
16,2048,396,260,68.0355
16,2048,396,262,69.614
16,2048,396,264,68.9998
16,2048,396,266,64.6269
16,2048,396,268,65.1186
16,2048,396,270,60.892
16,2048,396,272,67.1127
16,2048,396,274,69.6486
16,2048,396,276,65.5609
16,2048,396,278,64.604
16,2048,396,280,63.6002
16,2048,396,282,64.9143
16,2048,396,284,61.3433
16,2048,396,286,65.1022
16,2048,396,288,68.4144
16,2048,396,290,63.506
16,2048,396,292,69.7739
16,2048,396,294,66.7961
16,2048,396,296,61.1904
16,2048,396,298,65.616
16,2048,396,300,63.8808
16,2048,396,302,66.6394
16,2048,396,304,61.9566
16,2048,396,306,64.4086
16,2048,396,308,59.4611
16,2048,396,310,59.149
16,2048,396,312,66.4369
16,2048,396,314,55.664
16,2048,396,316,62.5836
16,2048,396,318,62.3601
16,2048,396,320,60.2963
16,2048,396,322,59.0766
16,2048,396,324,63.3913
16,2048,396,326,63.3848
16,2048,396,328,57.5367
16,2048,396,330,62.7997
16,2048,396,332,59.4433
16,2048,396,334,60.7762
16,2048,396,336,58.0295
16,2048,396,338,58.3862
16,2048,396,340,54.3334
16,2048,396,342,55.5305
16,2048,396,344,57.5598
16,2048,396,346,55.2105
16,2048,396,348,57.4119
16,2048,396,350,55.5104
16,2048,396,352,54.69
16,2048,396,354,55.4522
16,2048,396,356,53.8519
16,2048,396,358,58.2696
16,2048,396,360,57.9752
16,2048,396,362,55.8944
16,2048,396,364,54.4685
16,2048,396,366,53.5715
16,2048,396,368,53.9423
16,2048,396,370,55.2563
16,2048,396,372,48.2708
16,2048,396,374,56.0228
16,2048,396,376,52.5639
16,2048,396,378,52.4986
16,2048,396,380,48.8235
16,2048,396,382,52.8217
16,2048,396,384,50.8064
16,2048,396,386,52.1838
16,2048,396,388,52.1581
16,2048,396,390,50.6052
16,2048,396,392,51.4132
16,2048,396,394,50.4486
16,2048,398,2,47.67
16,2048,398,4,69.7921
16,2048,398,6,63.2458
16,2048,398,8,65.5631
16,2048,398,10,63.2
16,2048,398,12,104.0745
16,2048,398,14,85.6413
16,2048,398,16,86.6566
16,2048,398,18,84.9691
16,2048,398,20,85.1729
16,2048,398,22,78.5978
16,2048,398,24,99.8253
16,2048,398,26,87.2784
16,2048,398,28,90.5014
16,2048,398,30,85.2715
16,2048,398,32,87.9102
16,2048,398,34,88.0942
16,2048,398,36,100.4473
16,2048,398,38,96.0963
16,2048,398,40,102.5548
16,2048,398,42,92.8608
16,2048,398,44,92.9709
16,2048,398,46,87.5328
16,2048,398,48,100.4307
16,2048,398,50,104.5419
16,2048,398,52,91.9497
16,2048,398,54,92.7886
16,2048,398,56,87.485
16,2048,398,58,87.2958
16,2048,398,60,103.3218
16,2048,398,62,90.9062
16,2048,398,64,91.7666
16,2048,398,66,94.2995
16,2048,398,68,87.2437
16,2048,398,70,89.6358
16,2048,398,72,97.195
16,2048,398,74,93.8449
16,2048,398,76,80.0381
16,2048,398,78,95.7539
16,2048,398,80,87.5067
16,2048,398,82,87.6832
16,2048,398,84,100.1189
16,2048,398,86,88.2508
16,2048,398,88,93.6556
16,2048,398,90,89.631
16,2048,398,92,89.9192
16,2048,398,94,81.9949
16,2048,398,96,94.1427
16,2048,398,98,87.6467
16,2048,398,100,94.4109
16,2048,398,102,79.597
16,2048,398,104,90.7089
16,2048,398,106,80.878
16,2048,398,108,84.0421
16,2048,398,110,87.5792
16,2048,398,112,85.7564
16,2048,398,114,85.7972
16,2048,398,116,85.8252
16,2048,398,118,83.0098
16,2048,398,120,86.4185
16,2048,398,122,86.2871
16,2048,398,124,90.9751
16,2048,398,126,89.3057
16,2048,398,128,78.9217
16,2048,398,130,84.7564
16,2048,398,132,82.2885
16,2048,398,134,79.9406
16,2048,398,136,73.3955
16,2048,398,138,79.551
16,2048,398,140,76.5907
16,2048,398,142,82.2805
16,2048,398,144,81.2311
16,2048,398,146,82.6428
16,2048,398,148,74.3711
16,2048,398,150,80.6435
16,2048,398,152,80.5727
16,2048,398,154,79.1749
16,2048,398,156,75.7884
16,2048,398,158,80.4729
16,2048,398,160,75.3041
16,2048,398,162,76.1541
16,2048,398,164,75.0247
16,2048,398,166,83.296
16,2048,398,168,77.3822
16,2048,398,170,76.4388
16,2048,398,172,77.0638
16,2048,398,174,74.9885
16,2048,398,176,71.972
16,2048,398,178,71.5206
16,2048,398,180,80.1069
16,2048,398,182,70.2827
16,2048,398,184,74.672
16,2048,398,186,69.5448
16,2048,398,188,64.7684
16,2048,398,190,74.0707
16,2048,398,192,67.1324
16,2048,398,194,71.0002
16,2048,398,196,68.1677
16,2048,398,198,66.2792
16,2048,398,200,66.1204
16,2048,398,202,72.6657
16,2048,398,204,75.8857
16,2048,398,206,66.4822
16,2048,398,208,66.5455
16,2048,398,210,67.0836
16,2048,398,212,69.0049
16,2048,398,214,68.8144
16,2048,398,216,70.678
16,2048,398,218,69.2225
16,2048,398,220,67.9138
16,2048,398,222,65.2954
16,2048,398,224,64.9923
16,2048,398,226,71.883
16,2048,398,228,65.1951
16,2048,398,230,69.0983
16,2048,398,232,66.8516
16,2048,398,234,63.4409
16,2048,398,236,69.0173
16,2048,398,238,70.7807
16,2048,398,240,67.3576
16,2048,398,242,65.5578
16,2048,398,244,64.7976
16,2048,398,246,68.1316
16,2048,398,248,65.5201
16,2048,398,250,67.8618
16,2048,398,252,72.1933
16,2048,398,254,66.6198
16,2048,398,256,67.0434
16,2048,398,258,63.3254
16,2048,398,260,65.0746
16,2048,398,262,66.044
16,2048,398,264,67.4218
16,2048,398,266,65.3021
16,2048,398,268,67.0239
16,2048,398,270,70.3658
16,2048,398,272,64.4439
16,2048,398,274,64.9677
16,2048,398,276,67.0668
16,2048,398,278,71.9361
16,2048,398,280,67.9983
16,2048,398,282,67.1711
16,2048,398,284,68.2618
16,2048,398,286,69.2096
16,2048,398,288,62.6247
16,2048,398,290,62.0935
16,2048,398,292,62.5069
16,2048,398,294,63.8083
16,2048,398,296,68.342
16,2048,398,298,64.0003
16,2048,398,300,61.9537
16,2048,398,302,66.4872
16,2048,398,304,60.7865
16,2048,398,306,62.0111
16,2048,398,308,61.6065
16,2048,398,310,60.5103
16,2048,398,312,61.5073
16,2048,398,314,63.4292
16,2048,398,316,60.3763
16,2048,398,318,58.7659
16,2048,398,320,54.6363
16,2048,398,322,60.3947
16,2048,398,324,58.9163
16,2048,398,326,57.7175
16,2048,398,328,59.4361
16,2048,398,330,59.511
16,2048,398,332,57.6507
16,2048,398,334,56.5539
16,2048,398,336,61.0087
16,2048,398,338,55.2162
16,2048,398,340,58.4718
16,2048,398,342,56.4298
16,2048,398,344,56.7719
16,2048,398,346,56.1292
16,2048,398,348,58.371
16,2048,398,350,54.5807
16,2048,398,352,55.2566
16,2048,398,354,54.4096
16,2048,398,356,54.4672
16,2048,398,358,57.921
16,2048,398,360,50.2035
16,2048,398,362,51.4761
16,2048,398,364,51.3437
16,2048,398,366,55.0733
16,2048,398,368,54.3604
16,2048,398,370,53.3007
16,2048,398,372,56.5123
16,2048,398,374,52.6194
16,2048,398,376,53.3228
16,2048,398,378,51.8449
16,2048,398,380,54.5815
16,2048,398,382,51.4679
16,2048,398,384,47.1764
16,2048,398,386,52.8729
16,2048,398,388,50.3289
16,2048,398,390,51.1525
16,2048,398,392,46.2806
16,2048,398,394,47.256
16,2048,398,396,51.5326
16,2048,400,2,48.4462
16,2048,400,4,58.6695
16,2048,400,6,61.7218
16,2048,400,8,64.6391
16,2048,400,10,69.8623
16,2048,400,12,87.1536
16,2048,400,14,76.5268
16,2048,400,16,92.1213
16,2048,400,18,82.5405
16,2048,400,20,81.678
16,2048,400,22,77.5994
16,2048,400,24,100.3879
16,2048,400,26,94.3904
16,2048,400,28,89.2503
16,2048,400,30,91.1963
16,2048,400,32,94.663
16,2048,400,34,85.8613
16,2048,400,36,101.7399
16,2048,400,38,94.2297
16,2048,400,40,94.3635
16,2048,400,42,96.2184
16,2048,400,44,86.4118
16,2048,400,46,90.3609
16,2048,400,48,106.6742
16,2048,400,50,96.8732
16,2048,400,52,100.0135
16,2048,400,54,86.5087
16,2048,400,56,91.7355
16,2048,400,58,94.1159
16,2048,400,60,103.6159
16,2048,400,62,91.9908
16,2048,400,64,94.666
16,2048,400,66,93.5168
16,2048,400,68,94.0687
16,2048,400,70,91.8835
16,2048,400,72,100.5845
16,2048,400,74,96.4173
16,2048,400,76,84.8874
16,2048,400,78,95.9812
16,2048,400,80,89.3188
16,2048,400,82,83.7825
16,2048,400,84,98.1995
16,2048,400,86,92.1661
16,2048,400,88,92.0835
16,2048,400,90,97.6118
16,2048,400,92,94.8431
16,2048,400,94,85.3504
16,2048,400,96,90.3061
16,2048,400,98,86.9356
16,2048,400,100,95.0362
16,2048,400,102,87.829
16,2048,400,104,88.9868
16,2048,400,106,85.2208
16,2048,400,108,85.0275
16,2048,400,110,87.0792
16,2048,400,112,79.4588
16,2048,400,114,84.4946
16,2048,400,116,93.9329
16,2048,400,118,89.4668
16,2048,400,120,85.5353
16,2048,400,122,91.1001
16,2048,400,124,81.5057
16,2048,400,126,78.4872
16,2048,400,128,71.3393
16,2048,400,130,74.9446
16,2048,400,132,78.1443
16,2048,400,134,84.0651
16,2048,400,136,83.6983
16,2048,400,138,79.9289
16,2048,400,140,83.8139
16,2048,400,142,85.8488
16,2048,400,144,86.7096
16,2048,400,146,85.7266
16,2048,400,148,78.829
16,2048,400,150,81.1438
16,2048,400,152,78.5566
16,2048,400,154,78.2901
16,2048,400,156,75.6955
16,2048,400,158,85.1862
16,2048,400,160,79.8402
16,2048,400,162,77.5558
16,2048,400,164,77.5713
16,2048,400,166,76.4407
16,2048,400,168,84.0011
16,2048,400,170,77.8839
16,2048,400,172,73.7088
16,2048,400,174,83.8201
16,2048,400,176,78.2881
16,2048,400,178,72.5927
16,2048,400,180,72.8736
16,2048,400,182,74.9044
16,2048,400,184,70.4762
16,2048,400,186,76.9904
16,2048,400,188,72.9843
16,2048,400,190,72.7384
16,2048,400,192,76.2487
16,2048,400,194,75.9
16,2048,400,196,73.1253
16,2048,400,198,64.266
16,2048,400,200,74.2758
16,2048,400,202,70.0553
16,2048,400,204,71.1343
16,2048,400,206,70.0508
16,2048,400,208,70.6277
16,2048,400,210,70.8842
16,2048,400,212,67.539
16,2048,400,214,65.5014
16,2048,400,216,75.5198
16,2048,400,218,73.1132
16,2048,400,220,72.8206
16,2048,400,222,71.0654
16,2048,400,224,71.7907
16,2048,400,226,69.4268
16,2048,400,228,68.7947
16,2048,400,230,70.2902
16,2048,400,232,65.8885
16,2048,400,234,68.1229
16,2048,400,236,70.4224
16,2048,400,238,66.4033
16,2048,400,240,66.1701
16,2048,400,242,67.3538
16,2048,400,244,66.98
16,2048,400,246,66.7249
16,2048,400,248,65.1828
16,2048,400,250,61.5359
16,2048,400,252,68.8149
16,2048,400,254,62.4541
16,2048,400,256,63.5007
16,2048,400,258,65.4097
16,2048,400,260,68.6921
16,2048,400,262,66.5224
16,2048,400,264,64.8944
16,2048,400,266,64.9503
16,2048,400,268,68.6174
16,2048,400,270,60.9318
16,2048,400,272,59.6111
16,2048,400,274,69.383
16,2048,400,276,63.0628
16,2048,400,278,66.1498
16,2048,400,280,70.6049
16,2048,400,282,58.9869
16,2048,400,284,60.948
16,2048,400,286,67.946
16,2048,400,288,68.0308
16,2048,400,290,66.4261
16,2048,400,292,65.4016
16,2048,400,294,64.0573
16,2048,400,296,65.8476
16,2048,400,298,65.0422
16,2048,400,300,61.2309
16,2048,400,302,60.9524
16,2048,400,304,59.1196
16,2048,400,306,61.8309
16,2048,400,308,63.5259
16,2048,400,310,62.5155
16,2048,400,312,63.7805
16,2048,400,314,62.374
16,2048,400,316,58.9003
16,2048,400,318,57.1268
16,2048,400,320,59.0068
16,2048,400,322,57.2858
16,2048,400,324,60.2943
16,2048,400,326,59.1516
16,2048,400,328,59.7831
16,2048,400,330,54.6126
16,2048,400,332,58.18
16,2048,400,334,54.4474
16,2048,400,336,56.7157
16,2048,400,338,60.8915
16,2048,400,340,57.6069
16,2048,400,342,55.1814
16,2048,400,344,55.548
16,2048,400,346,58.7985
16,2048,400,348,56.4388
16,2048,400,350,54.4526
16,2048,400,352,55.2655
16,2048,400,354,58.8439
16,2048,400,356,54.5286
16,2048,400,358,54.0764
16,2048,400,360,54.0609
16,2048,400,362,56.3039
16,2048,400,364,56.0363
16,2048,400,366,55.5576
16,2048,400,368,53.1385
16,2048,400,370,54.8851
16,2048,400,372,54.6469
16,2048,400,374,53.1313
16,2048,400,376,49.5311
16,2048,400,378,53.2767
16,2048,400,380,51.9892
16,2048,400,382,51.5272
16,2048,400,384,54.4328
16,2048,400,386,51.8845
16,2048,400,388,53.9017
16,2048,400,390,51.012
16,2048,400,392,50.671
16,2048,400,394,49.4145
16,2048,400,396,50.7103
16,2048,400,398,50.1369
